# of time steps, flux weights, total advective travel time, total advective + diffusion time, total diffusion time, beta, total length[m] 
8406  6.835581260124E-03  5.436066097360E+00  0.000000000000E+00  0.000000000000E+00  1.096588556955E+05  1.279728276713E+00  
9302  1.190374062898E-02  9.287163434889E+00  0.000000000000E+00  0.000000000000E+00  1.998630487754E+05  1.354450708702E+00  
8742  1.697189999784E-02  2.891642065409E+00  0.000000000000E+00  0.000000000000E+00  3.438346211035E+04  1.377590981822E+00  
8779  2.109798727143E-02  2.438919947070E+00  0.000000000000E+00  0.000000000000E+00  2.432470838266E+04  1.369989904976E+00  
9171  2.620992150103E-02  2.014848156235E+00  0.000000000000E+00  0.000000000000E+00  1.914158526104E+04  1.359017856633E+00  
9065  2.557974254097E-02  1.957908675283E+00  0.000000000000E+00  0.000000000000E+00  1.975889484592E+04  1.347575187863E+00  
10025  2.354201910405E-02  3.241306686832E+00  0.000000000000E+00  0.000000000000E+00  3.338463358368E+04  1.535091980682E+00  
8684  2.131834817072E-02  2.545926413286E+00  0.000000000000E+00  0.000000000000E+00  3.543040934365E+04  1.344103300573E+00  
8433  1.779304476252E-02  2.686867060255E+00  0.000000000000E+00  0.000000000000E+00  5.555174980565E+04  1.304164354245E+00  
8453  1.426774135433E-02  2.278454160869E+00  0.000000000000E+00  0.000000000000E+00  2.930355702961E+04  1.332796516829E+00  
8505  1.074243794614E-02  2.137950291032E+00  0.000000000000E+00  0.000000000000E+00  2.667361610174E+04  1.321710299609E+00  
8529  9.188363569202E-03  2.078304935944E+00  0.000000000000E+00  0.000000000000E+00  2.693276033589E+04  1.316844444903E+00  
8555  7.634289192268E-03  2.050666447102E+00  0.000000000000E+00  0.000000000000E+00  2.762918952991E+04  1.314883930568E+00  
8838  6.080214815334E-03  2.322645651769E+00  0.000000000000E+00  0.000000000000E+00  3.838081064398E+04  1.329578880519E+00  
8873  5.618616350761E-03  2.145122033174E+00  0.000000000000E+00  0.000000000000E+00  3.139196704085E+04  1.329573516434E+00  
8656  5.313085873669E-03  1.980304415493E+00  0.000000000000E+00  0.000000000000E+00  2.581290595196E+04  1.309226205925E+00  
8888  5.007555396576E-03  2.097603518102E+00  0.000000000000E+00  0.000000000000E+00  2.917329219485E+04  1.329595775078E+00  
8906  5.468535564065E-03  2.074729876368E+00  0.000000000000E+00  0.000000000000E+00  2.825536093353E+04  1.330589943875E+00  
8926  6.185019279747E-03  2.055300073588E+00  0.000000000000E+00  0.000000000000E+00  2.771767729987E+04  1.331927065332E+00  
10734  6.901502995429E-03  5.441640177535E+00  0.000000000000E+00  0.000000000000E+00  1.078422345238E+05  1.621606244654E+00  
8819  7.794885158483E-03  1.915036854106E+00  0.000000000000E+00  0.000000000000E+00  2.211924650057E+04  1.313000411565E+00  
8549  8.794406389960E-03  1.914730170542E+00  0.000000000000E+00  0.000000000000E+00  2.163710608288E+04  1.315246954896E+00  
8952  9.793927621438E-03  2.071618235163E+00  0.000000000000E+00  0.000000000000E+00  2.697461155818E+04  1.339116627315E+00  
8964  9.976470823559E-03  2.130717373426E+00  0.000000000000E+00  0.000000000000E+00  2.846798562075E+04  1.339784119932E+00  
8570  9.342035996322E-03  2.028768568318E+00  0.000000000000E+00  0.000000000000E+00  2.432726650613E+04  1.317456728968E+00  
8557  8.707601169085E-03  2.100125799883E+00  0.000000000000E+00  0.000000000000E+00  2.579444507732E+04  1.316395684936E+00  
8998  7.884429459719E-03  2.436391465225E+00  0.000000000000E+00  0.000000000000E+00  3.483373240168E+04  1.336494471761E+00  
9032  6.746696280138E-03  2.510431936539E+00  0.000000000000E+00  0.000000000000E+00  3.793181556825E+04  1.332436185029E+00  
8640  5.608963100556E-03  2.306453632309E+00  0.000000000000E+00  0.000000000000E+00  3.368321359830E+04  1.305833043858E+00  
8596  4.640953577908E-03  2.336831704545E+00  0.000000000000E+00  0.000000000000E+00  3.529882677832E+04  1.303719013255E+00  
8552  4.182115026060E-03  2.352935434118E+00  0.000000000000E+00  0.000000000000E+00  3.648566455522E+04  1.303127362106E+00  
8536  3.723276474212E-03  2.363928516689E+00  0.000000000000E+00  0.000000000000E+00  3.658658670777E+04  1.303503394556E+00  
9078  3.331002147597E-03  2.758405627692E+00  0.000000000000E+00  0.000000000000E+00  4.446691527694E+04  1.365477906328E+00  
8591  3.404677397607E-03  2.356765795554E+00  0.000000000000E+00  0.000000000000E+00  3.717483075082E+04  1.305053904923E+00  
9172  3.478352647618E-03  2.820937785417E+00  0.000000000000E+00  0.000000000000E+00  4.449289777383E+04  1.377026776782E+00  
8656  3.552027897628E-03  2.341799588447E+00  0.000000000000E+00  0.000000000000E+00  3.703665957705E+04  1.306678152078E+00  
9272  4.073360178178E-03  2.883296861376E+00  0.000000000000E+00  0.000000000000E+00  4.446859834942E+04  1.387808919246E+00  
9329  4.594692458727E-03  2.930688328320E+00  0.000000000000E+00  0.000000000000E+00  4.490172499530E+04  1.393660020138E+00  
9390  5.116024739277E-03  2.997188333238E+00  0.000000000000E+00  0.000000000000E+00  4.564217876071E+04  1.400171750245E+00  
8702  6.107405290850E-03  2.351161089428E+00  0.000000000000E+00  0.000000000000E+00  4.112988615326E+04  1.307686272982E+00  
9668  7.165935595427E-03  3.618304199859E+00  0.000000000000E+00  0.000000000000E+00  5.855084071429E+04  1.430297029945E+00  
9807  8.224465900004E-03  4.174970857574E+00  0.000000000000E+00  0.000000000000E+00  7.903492076605E+04  1.448679498335E+00  
8858  1.103037486486E-02  2.985275923716E+00  0.000000000000E+00  0.000000000000E+00  6.656601400354E+04  1.362715547167E+00  
9404  1.441874338314E-02  3.991525341562E+00  0.000000000000E+00  0.000000000000E+00  5.631826953487E+04  1.481970629484E+00  
8521  1.780711190143E-02  2.540657711775E+00  0.000000000000E+00  0.000000000000E+00  5.283615756236E+04  1.352835340436E+00  
8191  2.084865022736E-02  2.436873432971E+00  0.000000000000E+00  0.000000000000E+00  4.882941834386E+04  1.318967932816E+00  
8967  2.368209043788E-02  2.432532512816E+00  0.000000000000E+00  0.000000000000E+00  3.251799138185E+04  1.427711687747E+00  
8927  2.651553064840E-02  3.001002048829E+00  0.000000000000E+00  0.000000000000E+00  4.269492881937E+04  1.417193873888E+00  
8938  2.601402489803E-02  3.149654717332E+00  0.000000000000E+00  0.000000000000E+00  5.546016239268E+04  1.383173894921E+00  
8784  2.217757318677E-02  2.203205723462E+00  0.000000000000E+00  0.000000000000E+00  3.059555755550E+04  1.369031042899E+00  
8729  1.834112147551E-02  3.291345770788E+00  0.000000000000E+00  0.000000000000E+00  7.813475879595E+04  1.385726186023E+00  
8539  1.457882826394E-02  1.759444516269E+00  0.000000000000E+00  0.000000000000E+00  2.476601347041E+04  1.343011516347E+00  
8508  1.094013255185E-02  1.683593479238E+00  0.000000000000E+00  0.000000000000E+00  2.443627521927E+04  1.335273391199E+00  
8881  7.301436839764E-03  1.831632041593E+00  0.000000000000E+00  0.000000000000E+00  2.743769638724E+04  1.374793254897E+00  
8463  4.323955950596E-03  1.662785600178E+00  0.000000000000E+00  0.000000000000E+00  2.553091970287E+04  1.323823696805E+00  
8406  3.330119530192E-03  1.681590011387E+00  0.000000000000E+00  0.000000000000E+00  2.806760270465E+04  1.319130278862E+00  
8364  2.336283109789E-03  1.700846942677E+00  0.000000000000E+00  0.000000000000E+00  2.884358886763E+04  1.314518857050E+00  
8351  1.451304957987E-03  1.725202708957E+00  0.000000000000E+00  0.000000000000E+00  2.996091918833E+04  1.310523056096E+00  
8345  1.328334686398E-03  1.738399394272E+00  0.000000000000E+00  0.000000000000E+00  3.196674141817E+04  1.306922247809E+00  
8783  1.205364414808E-03  2.159286368005E+00  0.000000000000E+00  0.000000000000E+00  4.067754409888E+04  1.358597800182E+00  
8307  1.082394143219E-03  1.722142874709E+00  0.000000000000E+00  0.000000000000E+00  3.122891653502E+04  1.301437319368E+00  
8754  1.278940715400E-03  2.167481645487E+00  0.000000000000E+00  0.000000000000E+00  3.837134946033E+04  1.356123110848E+00  
8542  1.475487287581E-03  3.139492272561E+00  0.000000000000E+00  0.000000000000E+00  6.597279104421E+04  1.397211796464E+00  
8630  1.672033859761E-03  3.058066917513E+00  0.000000000000E+00  0.000000000000E+00  5.611562626530E+04  1.408806188080E+00  
8665  2.384671915033E-03  2.131581296648E+00  0.000000000000E+00  0.000000000000E+00  3.697997063471E+04  1.356550803381E+00  
8205  3.171037325032E-03  1.555634431836E+00  0.000000000000E+00  0.000000000000E+00  2.412774594785E+04  1.298186933818E+00  
8573  3.957402735031E-03  2.135209493888E+00  0.000000000000E+00  0.000000000000E+00  3.663307362784E+04  1.357940467481E+00  
8228  4.968421576975E-03  1.492108713370E+00  0.000000000000E+00  0.000000000000E+00  2.182828183922E+04  1.297688732737E+00  
8245  6.054324896233E-03  1.466014450690E+00  0.000000000000E+00  0.000000000000E+00  2.116534833458E+04  1.297403997696E+00  
8270  7.140228215490E-03  1.451132815577E+00  0.000000000000E+00  0.000000000000E+00  2.090386157786E+04  1.296487549704E+00  
8277  7.247567279623E-03  1.460128944300E+00  0.000000000000E+00  0.000000000000E+00  2.215973074250E+04  1.295265431231E+00  
8289  6.767767790680E-03  1.499808094921E+00  0.000000000000E+00  0.000000000000E+00  2.343517964579E+04  1.293725913611E+00  
8325  6.287968301736E-03  1.587360859992E+00  0.000000000000E+00  0.000000000000E+00  2.633140914059E+04  1.290832922895E+00  
8321  5.530004897785E-03  1.774716141418E+00  0.000000000000E+00  0.000000000000E+00  3.691910175555E+04  1.286207620495E+00  
8036  4.493877578826E-03  3.580576758244E+00  0.000000000000E+00  0.000000000000E+00  8.372703390103E+04  1.328745025026E+00  
8478  3.457750259868E-03  2.123095025691E+00  0.000000000000E+00  0.000000000000E+00  4.361555153746E+04  1.302084969902E+00  
8611  2.693579061561E-03  2.119891315214E+00  0.000000000000E+00  0.000000000000E+00  4.020532850568E+04  1.314058450598E+00  
8626  2.382668064341E-03  2.153820520597E+00  0.000000000000E+00  0.000000000000E+00  3.923623114049E+04  1.320451323222E+00  
8217  2.071757067121E-03  4.426195134235E+00  0.000000000000E+00  0.000000000000E+00  1.075439887424E+05  1.342176176816E+00  
8957  1.855227799884E-03  4.723617980162E+00  0.000000000000E+00  0.000000000000E+00  9.614934626627E+04  1.484089428982E+00  
8667  1.921843722598E-03  2.233154109407E+00  0.000000000000E+00  0.000000000000E+00  3.856664924288E+04  1.328423305611E+00  
9065  1.988459645311E-03  4.914835578446E+00  0.000000000000E+00  0.000000000000E+00  9.872502366580E+04  1.493669549799E+00  
8672  2.115652596240E-03  2.201712228103E+00  0.000000000000E+00  0.000000000000E+00  3.457537992699E+04  1.330809136439E+00  
8657  2.666884744684E-03  2.154064147116E+00  0.000000000000E+00  0.000000000000E+00  3.306931874582E+04  1.332447041290E+00  
8665  3.218116893129E-03  2.098600910163E+00  0.000000000000E+00  0.000000000000E+00  3.052966441599E+04  1.334548791571E+00  
8698  3.769349041573E-03  2.036055396262E+00  0.000000000000E+00  0.000000000000E+00  2.826214382610E+04  1.337549503461E+00  
8722  4.701881225925E-03  1.948403805183E+00  0.000000000000E+00  0.000000000000E+00  2.413850128962E+04  1.341070093315E+00  
8735  5.634413410277E-03  1.883888107197E+00  0.000000000000E+00  0.000000000000E+00  2.252261912663E+04  1.343130578528E+00  
8755  6.566945594629E-03  1.846573479928E+00  0.000000000000E+00  0.000000000000E+00  2.191152452869E+04  1.344238326404E+00  
8726  8.874632002255E-03  1.825478281333E+00  0.000000000000E+00  0.000000000000E+00  2.172491316907E+04  1.345498988095E+00  
8694  1.137876901321E-02  1.975997323114E+00  0.000000000000E+00  0.000000000000E+00  2.681388055977E+04  1.356636380822E+00  
8670  1.388290602416E-02  1.904725596635E+00  0.000000000000E+00  0.000000000000E+00  2.793618697487E+04  1.350582285470E+00  
8239  1.909038318921E-02  2.006230312372E+00  0.000000000000E+00  0.000000000000E+00  3.015136312395E+04  1.325894929182E+00  
8056  2.519897373897E-02  2.207042434640E+00  0.000000000000E+00  0.000000000000E+00  2.921365849184E+04  1.318812129978E+00  
9341  3.130756428872E-02  1.849346885319E+01  0.000000000000E+00  0.000000000000E+00  1.002265211231E+06  1.442412639843E+00  
8488  3.515078603526E-02  1.836507723471E+00  0.000000000000E+00  0.000000000000E+00  1.919347828884E+04  1.363928307384E+00  
9499  3.763478649986E-02  2.317511512095E+00  0.000000000000E+00  0.000000000000E+00  3.301765353849E+04  1.445322258408E+00  
14469  4.011878696446E-02  2.688788613623E+01  0.000000000000E+00  0.000000000000E+00  3.012266620359E+05  2.174735781302E+00  
