permeability
1 2.44591e-09
2 5.60786e-09
3 1.07387e-08
4 1.32467e-08
5 8.99697e-09
6 4.43622e-09
7 3.20816e-09
8 4.66982e-09
9 7.34436e-09
10 6.28671e-09
11 3.47335e-09
12 2.26850e-09
13 2.26936e-09
14 3.05343e-09
15 4.57098e-09
16 6.52298e-09
17 6.59358e-09
18 3.34939e-09
19 9.41138e-10
20 2.82898e-10
21 1.72977e-10
22 2.30930e-10
23 4.53194e-10
24 7.33181e-10
25 6.45972e-10
26 3.82129e-10
27 2.87832e-10
28 3.46384e-10
29 4.55917e-10
30 5.07245e-10
31 5.71120e-10
32 8.23499e-10
33 1.56849e-09
34 4.91939e-09
35 4.79962e-09
36 6.62280e-09
37 1.13415e-08
38 2.23741e-09
39 1.13839e-08
40 4.76500e-10
41 4.15765e-09
42 9.34199e-10
43 2.38109e-10
44 3.36475e-09
45 7.27728e-09
46 4.21329e-09
47 3.21024e-10
48 2.70632e-09
49 6.13629e-10
50 5.39315e-09
51 6.14937e-10
52 3.21776e-09
53 2.83563e-09
54 2.57936e-09
55 2.43953e-09
56 2.78921e-10
57 2.70227e-09
58 9.22308e-10
59 4.01061e-10
60 1.48050e-08
61 5.29812e-09
62 1.12740e-08
63 3.52036e-10
64 4.34878e-10
65 1.00865e-08
66 1.82316e-09
67 7.29132e-10
68 3.78460e-09
69 3.54774e-09
70 2.61089e-09
71 4.68514e-09
72 3.03053e-09
73 2.39515e-08
74 2.63358e-09
75 1.41218e-09
76 2.13972e-09
77 6.87691e-09
78 3.03491e-09
79 1.14830e-09
80 6.75621e-10
81 2.33381e-09
82 2.34262e-09
83 6.13740e-10
84 4.67692e-10
85 2.66795e-09
86 3.95237e-10
87 1.92794e-09
88 1.09957e-09
89 2.99217e-09
90 2.78952e-09
91 1.07250e-09
92 1.08654e-08
93 1.70438e-08
94 1.84812e-09
95 1.53760e-09
96 5.58416e-10
97 2.44347e-09
98 7.46686e-10
99 3.80096e-08
100 1.42518e-09
101 1.02427e-09
102 6.48563e-10
103 1.73004e-09
104 1.93511e-09
105 1.18529e-09
106 5.48337e-09
107 5.66231e-09
108 1.50696e-09
109 2.05511e-09
110 8.71839e-10
111 1.92767e-09
112 3.87878e-08
113 3.86554e-08
114 1.04661e-09
115 1.46426e-09
116 2.54114e-09
117 1.31588e-09
118 2.01344e-09
119 8.58577e-10
120 8.94811e-10
121 1.32549e-09
122 2.19109e-09
123 6.79574e-10
124 9.49213e-10
125 7.52702e-10
126 2.02955e-08
127 8.98126e-09
128 1.25155e-09
129 1.00568e-09
130 7.40604e-10
131 2.48986e-08
132 1.70584e-09
133 1.42326e-09
134 1.03257e-09
135 2.29334e-09
136 1.29165e-09
137 8.37560e-10
138 8.53165e-10
139 3.43615e-09
140 4.72877e-08
141 9.88293e-10
142 2.75189e-08
143 1.09794e-09
144 6.25652e-10
145 2.92258e-09
146 1.47521e-09
147 9.92706e-10
148 1.05363e-09
149 5.35444e-10
150 2.47495e-09
151 1.03477e-08
152 1.70900e-09
153 5.62752e-10
154 5.17534e-10
155 3.56144e-09
156 1.25174e-09
157 1.41488e-09
158 4.02834e-08
159 7.33819e-09
160 1.09011e-09
161 1.32558e-09
162 9.11521e-10
163 2.65550e-09
164 8.75781e-10
165 3.00728e-09
166 8.28805e-10
167 4.41374e-10
168 6.20623e-10
169 1.02231e-09
170 2.78029e-08
171 1.57807e-08
172 5.47365e-09
173 6.94126e-10
174 1.27398e-09
175 4.58195e-10
176 2.52362e-10
177 3.17141e-09
178 1.02526e-09
179 3.22225e-09
180 8.45375e-09
181 1.14149e-09
182 2.19038e-08
183 1.51154e-09
184 5.86083e-09
185 1.63365e-09
186 9.04315e-10
187 2.37119e-09
188 3.55414e-10
189 2.85088e-09
190 1.50092e-08
191 4.87643e-10
192 4.39924e-09
193 5.90135e-09
194 2.28658e-09
195 4.30916e-10
196 7.60719e-09
197 5.35573e-10
198 9.36036e-10
199 1.22816e-09
200 8.94061e-10
201 6.53997e-10
202 8.45759e-10
203 1.71585e-10
204 1.71096e-09
205 2.27458e-09
206 2.00573e-08
207 1.27348e-08
208 1.72172e-08
209 4.04719e-09
210 1.11662e-09
211 7.48736e-10
212 5.07928e-09
213 4.57022e-10
214 1.37205e-10
215 1.48783e-09
216 5.62142e-09
217 8.56830e-09
218 1.40506e-09
219 9.44075e-10
220 5.92685e-10
221 4.77982e-09
222 8.58609e-09
223 5.58804e-10
224 4.69516e-10
225 7.10098e-09
226 1.24484e-08
227 1.52501e-09
228 3.59893e-10
229 1.57126e-08
230 3.20167e-10
231 1.08122e-09
232 1.05051e-09
233 1.48986e-09
234 1.64326e-09
235 1.16356e-10
236 6.47518e-10
237 9.03146e-10
238 1.93486e-09
239 1.29321e-08
240 4.48351e-10
241 1.51323e-08
242 9.70484e-09
243 4.42230e-10
244 3.09437e-09
245 3.11932e-09
246 6.34233e-10
247 6.73363e-09
248 9.95605e-09
249 1.62520e-10
250 2.01224e-10
251 9.43545e-10
252 4.38460e-10
253 4.10922e-09
254 1.90580e-09
255 2.15285e-09
256 8.82695e-10
257 1.30901e-09
258 6.84795e-09
259 5.89338e-10
260 1.04323e-09
261 6.96297e-09
262 3.72877e-10
263 1.87126e-09
264 1.09398e-09
265 1.68170e-09
266 1.19714e-09
267 5.89147e-10
268 3.48244e-10
269 6.85166e-09
270 2.24441e-09
271 1.08282e-08
272 5.40413e-10
273 1.92540e-10
274 7.75990e-09
275 4.49641e-10
276 4.17730e-10
277 3.84339e-09
278 8.33228e-09
279 4.89404e-09
280 3.15198e-09
281 6.04212e-09
282 1.16619e-09
283 2.56027e-10
284 3.92036e-10
285 1.14012e-09
286 1.37344e-09
287 1.37118e-09
288 7.20819e-10
289 8.70382e-10
290 2.12409e-09
291 2.38989e-09
292 1.15672e-09
293 1.77573e-09
294 7.05925e-10
295 5.04310e-09
296 3.42667e-10
297 6.83798e-10
298 4.43262e-10
299 2.99510e-09
300 6.12780e-10
301 3.51595e-09
302 3.36761e-10
303 2.08022e-09
304 4.08077e-10
305 2.86590e-09
306 7.34711e-10
307 5.87783e-09
308 3.53154e-10
309 5.94259e-10
310 9.66834e-09
311 2.08287e-09
312 4.40340e-10
313 2.21784e-09
314 9.20345e-09
315 1.56302e-09
316 2.50656e-09
317 4.42963e-10
318 8.35544e-10
319 7.06095e-09
320 4.83272e-10
321 1.36123e-09
322 8.78416e-10
323 7.32585e-10
324 7.00841e-10
325 1.53786e-09
326 4.47309e-10
327 2.14914e-09
328 9.75154e-10
329 4.63803e-10
330 2.24620e-09
331 3.79750e-10
332 2.18168e-09
333 6.90273e-10
334 6.70247e-10
335 5.80164e-10
336 3.08751e-10
337 2.90317e-10
338 5.91671e-09
339 3.68347e-10
340 8.18265e-10
341 1.49569e-09
342 3.04268e-09
343 1.99912e-09
344 1.05480e-09
345 1.03847e-09
346 6.47970e-10
347 5.09592e-10
348 7.25224e-09
349 7.16489e-09
350 2.39457e-10
351 3.10918e-09
352 1.01879e-09
353 7.06487e-10
354 7.36199e-10
355 1.31673e-09
356 6.33138e-10
357 5.18578e-10
358 8.80289e-10
359 1.69155e-09
360 2.01569e-10
361 4.47269e-10
362 6.24196e-10
363 3.26542e-10
364 1.11292e-09
365 1.27963e-09
366 4.46391e-10
367 1.02225e-09
368 1.12267e-09
369 8.35193e-10
370 3.05472e-10
371 1.15840e-09
372 4.28921e-09
373 1.87120e-10
374 2.26732e-10
375 1.26134e-10
376 6.01098e-10
377 1.83403e-09
378 5.86596e-10
379 1.09810e-09
380 6.49337e-10
381 3.00027e-09
382 2.05754e-10
383 1.43289e-09
384 6.01402e-10
385 6.37533e-10
386 6.60559e-10
387 5.28300e-10
388 1.22905e-09
389 6.37985e-10
390 6.12993e-10
391 5.39616e-10
392 4.02860e-10
393 1.52059e-09
394 4.05028e-10
395 9.58779e-11
396 5.13884e-10
397 1.76872e-10
398 1.57492e-09
399 7.08450e-10
400 1.83994e-09
401 1.39982e-09
402 2.03093e-09
403 3.36479e-10
404 1.11510e-09
405 1.69234e-10
406 3.93497e-10
407 1.00165e-09
408 2.39389e-09
409 1.57774e-10
410 2.24978e-09
411 2.55429e-10
412 6.95242e-11
413 3.64171e-10
414 9.75787e-10
415 1.66490e-10
416 3.43686e-10
417 2.72560e-10
418 3.16699e-10
419 1.15210e-09
420 4.33402e-10
421 3.29627e-10
422 2.99298e-10
423 6.80996e-10
424 4.67265e-10
425 1.74647e-09
426 6.39421e-10
427 3.84835e-10
428 2.08567e-09
429 2.24330e-10
430 1.16682e-09
431 6.41031e-11
432 1.42862e-09
433 6.96681e-11
434 1.62584e-10
435 1.75747e-10
436 1.21183e-09
437 1.81107e-09
438 1.65292e-09
439 1.18148e-09
440 2.25633e-10
441 2.43169e-10
442 1.05351e-09
443 3.04005e-10
444 1.28488e-10
445 2.73357e-10
446 6.83861e-10
447 7.53643e-10
448 5.17170e-11
449 3.58055e-10
450 8.04642e-11
451 2.14465e-10
452 3.59918e-10
453 2.61415e-10
454 7.08625e-10
455 7.63818e-10
456 5.46469e-10
457 1.65741e-10
458 1.24748e-09
459 1.44315e-10
460 3.16181e-10
461 4.72897e-11
462 5.76458e-10
463 2.55784e-10
464 9.31102e-10
465 8.91074e-10
466 3.52232e-10
467 1.08550e-09
468 7.15537e-11
469 4.30055e-10
470 2.10388e-10
471 1.76447e-10
472 7.17493e-10
473 1.30388e-10
474 2.90703e-10
475 2.33752e-10
476 3.80723e-11
477 8.27899e-10
478 2.57559e-10
479 4.08706e-10
480 8.28224e-10
481 2.90901e-10
482 1.21754e-09
483 3.78780e-11
484 1.60728e-10
485 1.82395e-10
486 4.28148e-10
487 5.48048e-11
488 8.40385e-10
489 3.70814e-10
490 9.67472e-10
491 4.48089e-10
492 4.98405e-11
493 2.50174e-10
494 1.29797e-09
495 5.53761e-10
496 1.47049e-10
497 2.39954e-10
498 3.21080e-10
499 1.52138e-10
500 2.04425e-10
501 1.37708e-10
502 3.46274e-10
503 4.89495e-11
504 2.97431e-10
505 2.14372e-10
506 5.40849e-10
507 1.47635e-10
508 4.39355e-10
509 5.02537e-10
510 5.13297e-10
511 2.98118e-10
512 2.85188e-10
513 3.93146e-10
514 1.51998e-10
515 2.08700e-11
516 2.51129e-10
517 3.08856e-10
518 1.15599e-10
519 5.24179e-10
520 5.33108e-10
521 6.07974e-11
522 1.28275e-09
523 3.81627e-10
524 1.34948e-11
525 4.01439e-10
526 2.99532e-11
527 2.18179e-11
528 6.84070e-10
529 1.29683e-10
530 1.17004e-09
531 3.01282e-10
532 1.40721e-10
533 1.38195e-11
534 5.19703e-10
535 4.20240e-10
536 2.94180e-10
537 4.50409e-10
538 1.71163e-10
539 3.13310e-10
540 5.73566e-11
541 1.50564e-10
542 7.38613e-11
543 3.66910e-10
544 1.92183e-10
545 3.50428e-10
546 2.29338e-10
547 1.51859e-10
548 2.86352e-11
549 1.11457e-10
550 1.15600e-11
551 2.34734e-10
552 2.63717e-10
553 2.24364e-10
554 1.12576e-10
555 1.09152e-09
556 2.73911e-10
557 9.33966e-11
558 3.73294e-10
559 2.27147e-10
560 2.93231e-10
561 2.65738e-10
562 3.85485e-10
563 1.78216e-10
564 1.42009e-10
565 5.31539e-10
566 5.32927e-10
567 1.53997e-11
568 6.74506e-12
569 8.82533e-12
570 4.84436e-10
571 1.82164e-10
572 3.02316e-10
573 3.18382e-11
574 4.62324e-10
575 1.00450e-09
576 5.55575e-12
577 6.97932e-12
578 1.24433e-11
579 1.96621e-09
580 1.85199e-09
581 1.84383e-10
582 4.70371e-09
583 2.89507e-10
584 7.39326e-09
585 2.04070e-10
586 1.97032e-10
587 2.28848e-10
588 1.66347e-10
589 1.58899e-10
590 1.86391e-10
591 2.22675e-10
592 4.05795e-10
593 2.95147e-10
594 3.35376e-10
595 1.21595e-10
596 9.21292e-11
597 8.71683e-11
598 1.14217e-10
599 1.16102e-09
600 1.86756e-09
601 2.30138e-09
602 1.95762e-09
603 1.30852e-09
604 8.91276e-10
605 7.68138e-10
606 8.82260e-10
607 1.26268e-09
608 9.96689e-11
609 3.23653e-09
610 4.53890e-09
611 4.50715e-09
612 2.81378e-09
613 1.92440e-11
614 1.02878e-11
615 7.62360e-10
616 2.32557e-10
617 1.39091e-10
618 1.08267e-10
619 2.02676e-10
620 2.36361e-11
621 4.20438e-11
622 7.66081e-11
623 2.81388e-10
624 3.24948e-10
625 1.58310e-10
626 1.75949e-10
627 1.56099e-11
628 2.51758e-10
629 3.22870e-10
630 1.22303e-10
631 9.40854e-12
632 4.72005e-10
633 7.95077e-11
634 1.01475e-11
635 7.66243e-11
636 7.29697e-11
637 2.63739e-10
638 6.73698e-11
639 6.67022e-11
640 7.70525e-11
641 4.88537e-10
642 7.89555e-11
643 1.51476e-10
644 2.32901e-10
645 1.05702e-10
646 5.48811e-11
647 3.05337e-10
648 1.99471e-10
649 3.67279e-11
650 6.97848e-11
651 1.91704e-11
652 2.07998e-10
653 9.99082e-11
654 4.52302e-10
655 4.05994e-10
656 2.04012e-11
657 2.79179e-10
658 2.00997e-11
659 6.73035e-11
660 8.13552e-11
661 1.80045e-10
662 2.83413e-10
663 7.61026e-11
664 4.17220e-11
665 1.26256e-10
666 3.97839e-10
667 1.49365e-10
668 2.87826e-10
669 6.85552e-11
670 1.32379e-10
671 2.80437e-10
672 3.75251e-11
673 9.49716e-11
674 4.67479e-11
675 9.87894e-11
676 9.06506e-11
677 5.60478e-11
678 8.81200e-11
679 5.43703e-11
680 3.14669e-10
681 1.60209e-10
682 4.29535e-10
683 5.50494e-11
684 9.93898e-11
685 4.18373e-10
686 4.39726e-10
687 1.65843e-10
688 1.35590e-10
689 6.52908e-11
690 1.50534e-10
691 9.45976e-11
692 1.12054e-10
693 9.13746e-11
694 1.19569e-10
695 1.60572e-10
696 3.69844e-10
697 2.74164e-10
698 1.12033e-10
699 1.12437e-10
700 1.70051e-10
701 1.31856e-10
702 2.19395e-10
703 2.14433e-10
704 1.92545e-10
705 4.92911e-10
706 1.54859e-10
707 4.67455e-11
708 5.67750e-10
709 2.83364e-10
710 5.81003e-11
711 2.19171e-10
712 8.01507e-11
713 6.75025e-10
714 2.29653e-10
715 1.74619e-10
716 2.13435e-10
717 2.78175e-10
718 3.93934e-10
719 8.15429e-10
720 2.91161e-10
721 2.04868e-10
722 1.24703e-10
723 3.76157e-10
724 2.06304e-10
725 1.51743e-10
726 1.78970e-10
727 2.51902e-10
728 6.16284e-10
729 3.25270e-10
730 1.55202e-10
731 1.37455e-10
732 4.84300e-10
733 5.11230e-10
734 6.66366e-10
735 2.78502e-10
736 9.02377e-10
737 7.52147e-10
738 7.63429e-10
739 1.46734e-10
740 6.28312e-11
741 4.73609e-10
742 5.20894e-10
743 1.06171e-09
744 8.16504e-11
745 6.53925e-10
746 7.58869e-10
747 7.58760e-10
748 4.36806e-10
749 3.49008e-10
750 9.44115e-10
751 1.63403e-09
752 1.00994e-09
753 1.98898e-10
754 1.44491e-10
755 5.17718e-10
756 1.27949e-10
757 2.23844e-10
758 2.51505e-10
759 1.33827e-09
760 3.21929e-10
761 4.86465e-10
762 1.07506e-09
763 1.87660e-10
764 7.92492e-10
765 1.62121e-09
766 1.41102e-09
767 2.98517e-10
768 2.15566e-09
769 1.70091e-09
770 1.16294e-09
771 3.21667e-10
772 1.02414e-10
773 8.49598e-10
774 2.67723e-10
775 3.62551e-10
776 1.48654e-09
777 2.77820e-09
778 1.00797e-09
779 1.77949e-10
780 4.64037e-10
781 5.34950e-10
782 7.35749e-10
783 2.64760e-10
784 1.12913e-09
785 3.08310e-10
786 4.94734e-10
787 3.53531e-09
788 1.70307e-09
789 2.66624e-10
790 1.06925e-09
791 2.84785e-10
792 3.37059e-10
793 2.51034e-10
794 7.96464e-10
795 9.72314e-10
796 1.93277e-09
797 2.64538e-10
798 1.98584e-09
799 2.07441e-10
800 1.09906e-09
801 1.41055e-09
802 3.85457e-09
803 3.02807e-09
804 2.00505e-10
805 2.82630e-09
806 1.59860e-09
807 2.35366e-10
808 6.06671e-10
809 2.12643e-10
810 4.28921e-10
811 1.18221e-09
812 8.87298e-10
813 2.05727e-10
814 6.18485e-10
815 1.46455e-09
816 6.34696e-10
817 5.22245e-09
818 3.03042e-10
819 3.94726e-10
820 6.05761e-10
821 1.85148e-10
822 8.63274e-10
823 1.61500e-09
824 2.19361e-09
825 3.55759e-10
826 5.70461e-10
827 2.81421e-09
828 5.77963e-09
829 6.57166e-09
830 4.75329e-09
831 2.55627e-09
832 1.56430e-09
833 1.29567e-09
834 9.99200e-10
835 4.86241e-10
836 2.04408e-10
837 1.66388e-10
838 3.52613e-10
839 1.01241e-09
840 1.74470e-09
841 1.73675e-09
842 1.72089e-09
843 2.39941e-09
844 4.03329e-09
845 5.47654e-09
846 4.14699e-09
847 1.68055e-09
848 6.36617e-10
849 4.56939e-10
850 5.63154e-10
851 5.23388e-10
852 2.65175e-10
853 1.30267e-10
854 1.17706e-10
855 2.17269e-10
856 5.93611e-10
857 1.48917e-09
858 2.57007e-09
859 3.47127e-09
860 4.80213e-09
861 1.12407e-09
862 9.78785e-10
863 9.11747e-10
864 1.71305e-09
865 8.47266e-09
866 4.98673e-08
867 1.10781e-07
868 6.61760e-08
869 1.81289e-08
870 4.53214e-09
871 1.45161e-09
872 5.91143e-10
873 3.11812e-10
874 2.68613e-10
875 3.53106e-10
876 3.79058e-10
877 2.38443e-10
878 1.69370e-10
879 2.73721e-10
880 6.45289e-10
881 7.85634e-10
882 4.46542e-10
883 3.02406e-10
884 4.04430e-10
885 6.09573e-10
886 6.18190e-10
887 5.19888e-10
888 5.41098e-10
889 7.97004e-10
890 1.29392e-09
891 1.53056e-09
892 1.31916e-09
893 1.16498e-09
894 1.44609e-10
895 5.99633e-10
896 1.95724e-10
897 3.91950e-10
898 6.69034e-08
899 3.08608e-09
900 7.45923e-08
901 9.41911e-10
902 3.05539e-10
903 1.34699e-09
904 1.32120e-08
905 2.66617e-10
906 1.30332e-09
907 1.15545e-10
908 4.65493e-10
909 1.65195e-09
910 5.10425e-10
911 1.75213e-09
912 5.90010e-09
913 3.57129e-10
914 5.40622e-10
915 1.40891e-10
916 1.33635e-10
917 3.80279e-10
918 5.35427e-10
919 7.20992e-10
920 2.16156e-10
921 1.46805e-09
922 2.99189e-09
923 1.02940e-10
924 1.78453e-08
925 4.34660e-10
926 1.59546e-09
927 9.37868e-08
928 1.23842e-09
929 1.39885e-10
930 2.42004e-10
931 1.31969e-09
932 6.02930e-08
933 9.81774e-10
934 1.78399e-08
935 3.99672e-10
936 3.20286e-08
937 7.96989e-10
938 3.63738e-10
939 1.20985e-10
940 1.30401e-09
941 7.52843e-11
942 6.18517e-11
943 3.86668e-10
944 3.49352e-10
945 1.64542e-10
946 5.97396e-11
947 1.64300e-09
948 1.75905e-09
949 3.68162e-10
950 2.67767e-10
951 4.45362e-09
952 1.32102e-10
953 6.32620e-11
954 1.58560e-09
955 5.61870e-10
956 1.55397e-10
957 1.64955e-08
958 1.54339e-10
959 4.62273e-08
960 8.82285e-11
961 4.14888e-09
962 6.43783e-08
963 5.89683e-10
964 5.18553e-08
965 1.09163e-08
966 4.31423e-11
967 1.75609e-10
968 1.01926e-09
969 5.97963e-11
970 1.37349e-10
971 1.91527e-10
972 9.50243e-10
973 2.17809e-10
974 1.65471e-10
975 9.49959e-11
976 5.74803e-10
977 4.63839e-11
978 4.53610e-11
979 1.54241e-10
980 1.47086e-09
981 7.65135e-10
982 7.87592e-11
983 1.32032e-10
984 4.98215e-11
985 3.65599e-10
986 5.96729e-11
987 1.31081e-08
988 1.07389e-10
989 9.20179e-10
990 7.30991e-08
991 7.83220e-09
992 2.54435e-08
993 2.43764e-10
994 7.60162e-10
995 6.02016e-08
996 4.77773e-11
997 5.36481e-11
998 5.89531e-11
999 1.30292e-10
1000 4.07213e-10
1001 7.14194e-11
1002 7.13534e-11
1003 4.87494e-10
1004 8.44482e-11
1005 1.23589e-10
1006 1.46216e-09
1007 9.44314e-10
1008 8.98267e-11
1009 9.56715e-11
1010 6.50335e-09
1011 3.66174e-11
1012 1.39202e-10
1013 6.43913e-11
1014 3.61056e-10
1015 5.85444e-11
1016 4.46942e-08
1017 4.07659e-11
1018 2.57047e-10
1019 3.51144e-10
1020 1.33163e-10
1021 7.57989e-11
1022 2.11770e-09
1023 6.46614e-11
1024 2.73585e-08
1025 7.38634e-10
1026 6.93522e-11
1027 2.32461e-10
1028 7.63274e-11
1029 7.08458e-09
1030 2.32735e-11
1031 2.66894e-11
1032 1.88932e-11
1033 2.11201e-11
1034 3.65856e-08
1035 1.87576e-10
1036 7.73195e-11
1037 1.48393e-10
1038 1.48073e-09
1039 2.03840e-10
1040 3.11635e-10
1041 8.71492e-11
1042 1.09103e-10
1043 3.66430e-10
1044 2.37511e-10
1045 3.19802e-11
1046 7.14277e-09
1047 6.76476e-10
1048 3.21032e-10
1049 1.14751e-10
1050 9.16282e-09
1051 1.54989e-10
1052 8.46660e-10
1053 2.68260e-10
1054 9.65274e-11
1055 3.51114e-11
1056 1.20935e-11
1057 1.15650e-10
1058 1.05565e-10
1059 1.16660e-10
1060 7.38283e-11
1061 7.89537e-10
1062 1.04844e-10
1063 2.12436e-11
1064 1.29975e-11
1065 8.68839e-12
1066 8.56938e-09
1067 6.22408e-09
1068 1.16867e-09
1069 1.26627e-09
1070 1.10215e-10
1071 1.29702e-09
1072 2.39648e-09
1073 1.25981e-10
1074 2.07505e-10
1075 1.32627e-10
1076 2.15805e-11
1077 5.43491e-11
1078 4.26776e-10
1079 8.53823e-10
1080 1.35667e-10
1081 2.38958e-09
1082 2.14797e-10
1083 1.03563e-10
1084 2.34836e-10
1085 1.41969e-10
1086 6.15004e-11
1087 4.72724e-11
1088 1.08221e-09
1089 2.74231e-09
1090 1.05512e-09
1091 1.10513e-09
1092 1.43519e-10
1093 1.56243e-10
1094 1.33585e-11
1095 1.44700e-10
1096 1.11252e-11
1097 3.52493e-11
1098 1.40341e-10
1099 7.34169e-10
1100 5.30311e-11
1101 1.17299e-10
1102 2.48273e-10
1103 4.45306e-09
1104 9.63217e-10
1105 5.45121e-11
1106 1.10210e-10
1107 1.37877e-09
1108 9.46434e-10
1109 1.26756e-09
1110 5.76376e-10
1111 1.56395e-10
1112 2.99048e-09
1113 1.05050e-10
1114 6.63241e-11
1115 4.19657e-10
1116 1.20920e-10
1117 1.77493e-10
1118 1.07217e-10
1119 6.43464e-10
1120 1.21910e-10
1121 6.21413e-11
1122 1.28224e-10
1123 1.30051e-10
1124 3.22229e-09
1125 1.85887e-10
1126 7.22000e-11
1127 3.50009e-11
1128 2.80418e-10
1129 1.35321e-10
1130 2.67599e-10
1131 1.60012e-10
1132 8.91787e-10
1133 5.17214e-11
1134 6.36311e-10
1135 2.12523e-10
1136 1.89164e-10
1137 4.18291e-11
1138 1.09290e-10
1139 2.44870e-10
1140 2.47898e-10
1141 7.01614e-11
1142 5.55519e-09
1143 1.03562e-10
1144 8.64797e-11
1145 2.45392e-09
1146 4.76872e-10
1147 2.28790e-10
1148 6.68298e-10
1149 3.77557e-10
1150 1.55351e-10
1151 5.56211e-10
1152 9.20221e-10
1153 1.05395e-10
1154 2.48985e-10
1155 2.48060e-09
1156 1.30423e-10
1157 7.16913e-10
1158 2.20905e-10
1159 3.78829e-10
1160 2.77246e-10
1161 1.34008e-10
1162 2.44991e-10
1163 1.16814e-10
1164 1.30707e-10
1165 1.79392e-10
1166 2.03346e-10
1167 2.16616e-10
1168 6.12724e-10
1169 2.14346e-10
1170 6.34326e-10
1171 8.87149e-11
1172 2.95621e-10
1173 6.09980e-10
1174 5.98847e-10
1175 1.45298e-10
1176 1.53654e-10
1177 1.28430e-10
1178 4.60800e-09
1179 2.63538e-10
1180 8.92163e-10
1181 4.00604e-09
1182 3.21966e-09
1183 1.26537e-10
1184 1.04678e-10
1185 5.78928e-10
1186 6.63431e-10
1187 2.48157e-10
1188 7.49577e-10
1189 5.86262e-10
1190 6.24462e-10
1191 1.72461e-10
1192 4.60659e-10
1193 5.47389e-10
1194 1.35817e-09
1195 1.08346e-09
1196 4.63675e-10
1197 2.27675e-10
1198 9.04924e-10
1199 1.63567e-10
1200 2.63971e-09
1201 2.51027e-10
1202 3.22149e-10
1203 1.07482e-09
1204 3.31387e-10
1205 8.20235e-10
1206 3.79150e-10
1207 3.68183e-10
1208 1.70249e-10
1209 3.87717e-10
1210 3.19180e-10
1211 1.87912e-09
1212 4.47493e-10
1213 2.51881e-10
1214 5.12130e-10
1215 7.39194e-10
1216 8.72326e-10
1217 5.50085e-10
1218 3.34359e-10
1219 1.72409e-10
1220 2.40154e-10
1221 4.30670e-11
1222 2.54474e-10
1223 3.21626e-10
1224 9.10810e-11
1225 2.12545e-10
1226 5.04994e-10
1227 1.15993e-09
1228 2.09804e-09
1229 2.16191e-09
1230 9.52312e-10
1231 2.06702e-09
1232 3.22391e-10
1233 3.20836e-10
1234 4.27059e-10
1235 5.79601e-10
1236 2.43238e-09
1237 1.34517e-09
1238 7.86535e-10
1239 5.45882e-10
1240 4.93102e-10
1241 6.11778e-10
1242 9.73805e-10
1243 1.08684e-09
1244 1.72960e-09
1245 4.83765e-10
1246 2.76974e-10
1247 1.55999e-10
1248 9.81942e-11
1249 7.22015e-11
1250 6.08714e-11
1251 1.91695e-09
1252 1.91655e-09
1253 1.52508e-10
1254 3.26034e-10
1255 4.27851e-10
1256 1.02396e-09
1257 1.29715e-09
1258 6.14083e-10
1259 4.38261e-10
1260 3.48067e-10
1261 8.13748e-10
1262 2.52685e-09
1263 5.01759e-09
1264 8.39498e-10
1265 4.95619e-10
1266 1.71170e-09
1267 8.75343e-10
1268 1.57131e-09
1269 6.27517e-10
1270 2.98277e-09
1271 2.11176e-09
1272 1.50311e-09
1273 1.22801e-09
1274 9.18272e-10
1275 1.27835e-09
1276 7.74687e-10
1277 3.54460e-10
1278 3.82324e-09
1279 5.05827e-10
1280 3.33921e-09
1281 7.32677e-09
1282 1.89626e-09
1283 9.95071e-10
1284 1.95912e-09
1285 5.47449e-10
1286 1.87815e-09
1287 7.60463e-09
1288 2.14052e-09
1289 4.97140e-10
1290 2.45565e-09
1291 8.09722e-10
1292 5.73651e-10
1293 4.88003e-10
1294 1.06761e-09
1295 1.00440e-09
1296 7.74886e-10
1297 9.26286e-10
1298 7.86947e-10
1299 7.80818e-10
1300 1.14908e-09
1301 2.85260e-09
1302 9.69487e-10
1303 2.80249e-09
1304 6.80496e-10
1305 1.83230e-09
1306 3.80937e-09
1307 2.31731e-09
1308 2.50708e-09
1309 6.16424e-09
1310 1.09181e-09
1311 7.53596e-10
1312 2.90098e-09
1313 1.71749e-09
1314 7.81940e-10
1315 5.17231e-09
1316 1.84000e-09
1317 6.23478e-09
1318 8.57558e-10
1319 4.01318e-09
1320 5.67074e-10
1321 2.82078e-09
1322 5.44150e-10
1323 7.64213e-09
1324 3.10836e-09
1325 7.71569e-10
1326 1.35152e-09
1327 9.32076e-10
1328 1.64156e-09
1329 3.14745e-09
1330 7.08356e-10
1331 2.23320e-09
1332 2.75104e-09
1333 1.02878e-09
1334 1.23897e-09
1335 8.23971e-10
1336 7.33529e-10
1337 3.08618e-09
1338 1.99939e-09
1339 5.16186e-09
1340 2.00119e-09
1341 1.32234e-09
1342 4.40256e-09
1343 1.99565e-09
1344 4.41862e-09
1345 5.55696e-10
1346 5.73847e-09
1347 1.10788e-09
1348 3.48345e-09
1349 5.40744e-09
1350 7.24100e-10
1351 2.35363e-09
1352 5.04567e-09
1353 4.83500e-09
1354 1.17389e-09
1355 2.47187e-09
1356 3.52656e-09
1357 2.64790e-09
1358 5.46316e-10
1359 1.29235e-09
1360 9.42073e-10
1361 8.51524e-10
1362 5.40344e-09
1363 2.73120e-09
1364 4.43055e-09
1365 2.24391e-09
1366 8.48917e-10
1367 1.11835e-09
1368 7.16950e-10
1369 6.48559e-09
1370 1.54292e-09
1371 1.38238e-09
1372 2.75867e-09
1373 3.35674e-09
1374 7.68645e-10
1375 5.24336e-10
1376 5.49005e-10
1377 4.76586e-09
1378 1.66994e-09
1379 2.83510e-09
1380 2.19653e-09
1381 2.22979e-09
1382 2.61500e-09
1383 5.72362e-09
1384 5.44003e-09
1385 8.08857e-10
1386 2.89538e-09
1387 1.44516e-09
1388 4.56037e-10
1389 2.48199e-09
1390 9.54750e-10
1391 1.97324e-09
1392 9.34400e-10
1393 5.50638e-09
1394 2.70965e-09
1395 5.25585e-10
1396 1.11880e-09
1397 5.50315e-09
1398 1.69022e-09
1399 4.17893e-10
1400 1.07299e-09
1401 9.73418e-10
1402 6.74997e-09
1403 3.73761e-09
1404 6.43469e-09
1405 1.55011e-09
1406 1.40300e-09
1407 1.09479e-09
1408 8.73875e-10
1409 1.10387e-09
1410 7.25151e-10
1411 5.86864e-09
1412 4.15579e-09
1413 1.35192e-09
1414 2.18448e-09
1415 2.99878e-09
1416 8.11312e-10
1417 4.78365e-10
1418 2.48430e-09
1419 1.03219e-09
1420 1.20066e-09
1421 9.49581e-10
1422 4.20264e-10
1423 1.73210e-09
1424 1.13590e-09
1425 5.07771e-09
1426 3.78665e-09
1427 6.53393e-10
1428 9.66483e-09
1429 1.32865e-09
1430 4.48933e-09
1431 4.46617e-09
1432 6.83533e-10
1433 9.89769e-10
1434 1.05067e-08
1435 2.37424e-09
1436 4.71599e-10
1437 1.68583e-09
1438 4.98120e-09
1439 1.80265e-09
1440 5.75274e-10
1441 2.71649e-10
1442 6.32719e-09
1443 6.38995e-10
1444 3.26814e-09
1445 5.34905e-10
1446 8.56582e-10
1447 1.59728e-09
1448 4.96533e-10
1449 1.11669e-09
1450 2.06891e-09
1451 7.04206e-10
1452 1.35842e-09
1453 2.62281e-10
1454 4.47493e-10
1455 9.42907e-10
1456 5.92245e-10
1457 1.04643e-09
1458 9.33485e-10
1459 4.01543e-09
1460 2.84212e-09
1461 1.44737e-09
1462 9.27142e-10
1463 2.41137e-09
1464 3.13615e-09
1465 8.02062e-09
1466 3.53338e-09
1467 1.10420e-09
1468 5.61230e-10
1469 9.81020e-10
1470 1.49821e-09
1471 2.55712e-10
1472 1.10337e-08
1473 3.00173e-10
1474 7.32169e-09
1475 1.87198e-09
1476 3.90089e-09
1477 2.78117e-09
1478 1.02051e-09
1479 7.15413e-10
1480 5.48129e-10
1481 3.92382e-10
1482 4.60553e-10
1483 2.01793e-10
1484 3.30367e-10
1485 5.83795e-09
1486 1.24018e-09
1487 3.25684e-10
1488 2.47580e-09
1489 6.36662e-10
1490 1.71518e-09
1491 1.42019e-09
1492 8.21316e-10
1493 2.10627e-09
1494 1.70309e-09
1495 1.43536e-09
1496 4.84923e-10
1497 4.97422e-09
1498 3.43673e-10
1499 3.67776e-10
1500 3.41086e-10
1501 2.26522e-10
1502 3.61820e-09
1503 9.81157e-10
1504 1.12281e-09
1505 5.08367e-10
1506 3.87362e-10
1507 1.42814e-09
1508 4.62849e-09
1509 8.06667e-10
1510 7.49432e-10
1511 8.89241e-10
1512 9.69264e-10
1513 5.48162e-09
1514 1.00549e-09
1515 3.18906e-10
1516 4.12822e-09
1517 2.58784e-09
1518 7.45126e-10
1519 1.43782e-09
1520 8.40064e-10
1521 2.60926e-10
1522 1.96920e-09
1523 2.98024e-09
1524 1.28649e-09
1525 1.55941e-09
1526 8.29111e-10
1527 2.70506e-09
1528 3.13913e-10
1529 4.53874e-10
1530 7.81502e-10
1531 6.00924e-10
1532 5.06039e-10
1533 7.22623e-10
1534 6.42472e-09
1535 2.77668e-09
1536 4.36340e-10
1537 3.75509e-10
1538 3.75429e-09
1539 7.86809e-10
1540 1.24528e-09
1541 9.69718e-10
1542 3.29389e-09
1543 2.13673e-09
1544 5.75327e-10
1545 5.68009e-10
1546 8.67400e-10
1547 1.61144e-09
1548 9.22436e-10
1549 1.50886e-09
1550 5.81697e-10
1551 5.62702e-10
1552 8.16476e-10
1553 5.33824e-10
1554 8.53085e-10
1555 9.60441e-10
1556 5.21620e-10
1557 5.63965e-10
1558 3.02652e-09
1559 2.33139e-09
1560 2.62854e-10
1561 7.73285e-10
1562 4.62036e-09
1563 3.42866e-09
1564 2.53815e-10
1565 1.80952e-09
1566 5.57653e-10
1567 2.79257e-09
1568 5.09889e-10
1569 1.78824e-09
1570 2.09333e-09
1571 5.44725e-10
1572 3.00128e-10
1573 4.85181e-10
1574 3.76302e-09
1575 2.48975e-10
1576 4.21147e-10
1577 9.60365e-10
1578 4.13989e-09
1579 3.97518e-10
1580 6.15628e-10
1581 3.57685e-09
1582 9.79661e-10
1583 6.59754e-09
1584 1.53909e-09
1585 1.15212e-09
1586 2.01458e-09
1587 1.52396e-09
1588 4.12677e-09
1589 2.36180e-09
1590 7.91859e-10
1591 6.86385e-10
1592 1.74658e-09
1593 3.62648e-10
1594 4.32761e-10
1595 3.45398e-09
1596 4.83955e-10
1597 4.46370e-10
1598 6.67780e-10
1599 3.36988e-10
1600 1.90316e-09
1601 1.05013e-09
1602 3.28406e-10
1603 6.74209e-10
1604 8.19956e-10
1605 2.21738e-09
1606 2.44219e-10
1607 1.80369e-09
1608 2.17274e-09
1609 4.45144e-10
1610 1.31323e-09
1611 1.84870e-10
1612 1.37659e-08
1613 1.12082e-08
1614 1.50595e-09
1615 1.40735e-09
1616 1.55536e-09
1617 7.63729e-09
1618 1.89877e-09
1619 1.98349e-09
1620 2.91486e-10
1621 6.95415e-10
1622 1.39620e-09
1623 3.80675e-10
1624 5.45390e-10
1625 1.36270e-09
1626 1.59295e-10
1627 9.54987e-10
1628 3.21493e-09
1629 7.60305e-10
1630 4.42857e-10
1631 3.65565e-09
1632 1.21476e-09
1633 8.29429e-10
1634 3.63388e-10
1635 3.02624e-10
1636 3.87987e-10
1637 9.45892e-10
1638 1.20031e-08
1639 3.38839e-10
1640 2.30596e-09
1641 1.62909e-09
1642 1.71841e-09
1643 2.02418e-09
1644 2.72456e-10
1645 1.32908e-09
1646 1.10228e-09
1647 1.69397e-08
1648 1.49366e-09
1649 2.90440e-10
1650 5.17996e-10
1651 1.81572e-09
1652 6.57067e-10
1653 2.59049e-09
1654 9.04412e-09
1655 6.92518e-10
1656 7.16672e-10
1657 5.66873e-10
1658 1.69320e-10
1659 3.14934e-09
1660 7.05035e-10
1661 2.13346e-09
1662 1.77917e-09
1663 1.77188e-10
1664 1.05857e-09
1665 1.39502e-09
1666 4.20586e-10
1667 7.37341e-10
1668 4.50862e-10
1669 2.11905e-08
1670 2.65436e-10
1671 4.13805e-10
1672 2.96195e-09
1673 9.79199e-10
1674 2.15240e-09
1675 5.81595e-10
1676 8.03831e-10
1677 4.91197e-10
1678 1.63111e-08
1679 5.28245e-09
1680 2.95756e-10
1681 1.26850e-09
1682 3.61025e-10
1683 6.14545e-10
1684 8.98853e-10
1685 3.18857e-10
1686 1.46473e-09
1687 5.68807e-10
1688 4.68838e-10
1689 8.25277e-09
1690 1.13895e-09
1691 4.00834e-10
1692 1.72043e-10
1693 4.23789e-10
1694 4.85135e-10
1695 1.65341e-09
1696 2.54855e-09
1697 3.07775e-08
1698 6.75051e-10
1699 2.71151e-10
1700 1.01209e-09
1701 1.65624e-09
1702 8.69389e-10
1703 3.62037e-10
1704 6.04500e-10
1705 2.02678e-09
1706 3.07434e-10
1707 2.01286e-10
1708 5.44482e-10
1709 4.45185e-10
1710 2.08833e-10
1711 6.37770e-10
1712 7.41409e-10
1713 3.50669e-10
1714 3.21074e-10
1715 1.08470e-09
1716 3.66176e-10
1717 4.69040e-10
1718 5.37507e-10
1719 1.12562e-09
1720 3.37444e-10
1721 2.54874e-09
1722 1.46854e-08
1723 1.22916e-09
1724 7.46569e-10
1725 5.74658e-10
1726 4.87070e-10
1727 5.39227e-10
1728 4.52600e-10
1729 1.05531e-09
1730 1.08287e-10
1731 1.06431e-10
1732 1.60158e-10
1733 2.67828e-10
1734 6.10157e-10
1735 1.35268e-09
1736 6.24733e-10
1737 2.30889e-08
1738 1.35300e-09
1739 1.45687e-09
1740 1.43769e-09
1741 1.30245e-09
1742 1.75748e-09
1743 2.92537e-10
1744 1.13697e-09
1745 8.50799e-10
1746 8.54422e-10
1747 1.17019e-09
1748 1.25254e-09
1749 1.16790e-09
1750 1.55428e-09
1751 6.10163e-10
1752 3.87144e-10
1753 2.63787e-10
1754 1.90635e-09
1755 3.36731e-09
1756 5.12066e-09
1757 6.02958e-09
1758 5.45385e-09
1759 4.34989e-10
1760 3.21381e-10
1761 3.13502e-10
1762 6.38449e-10
1763 6.29903e-10
1764 5.31400e-10
1765 6.81207e-10
1766 6.26859e-10
1767 4.87840e-10
1768 4.32753e-08
1769 9.53216e-10
1770 3.85063e-10
1771 1.89719e-09
1772 9.66457e-09
1773 3.22303e-10
1774 4.48394e-10
1775 1.01705e-09
1776 5.37643e-10
1777 5.07264e-10
1778 1.38910e-09
1779 2.51048e-10
1780 2.66232e-10
1781 5.09212e-10
1782 8.05782e-10
1783 5.85194e-10
1784 1.45949e-09
1785 1.21475e-09
1786 5.49886e-10
1787 1.55937e-09
1788 3.34168e-10
1789 2.66126e-08
1790 3.41639e-10
1791 1.43341e-09
1792 1.12931e-09
1793 4.30783e-10
1794 6.84609e-10
1795 1.07583e-09
1796 9.78519e-10
1797 1.20855e-09
1798 6.07166e-10
1799 7.99553e-10
1800 6.71863e-10
1801 5.42100e-09
1802 3.97407e-10
1803 2.46925e-10
1804 3.30604e-10
1805 4.57412e-10
1806 4.20503e-10
1807 7.59647e-10
1808 1.04198e-09
1809 1.21319e-09
1810 3.71739e-10
1811 3.22318e-09
1812 1.12899e-09
1813 1.28493e-08
1814 1.08605e-08
1815 1.82013e-09
1816 3.46456e-10
1817 3.78010e-10
1818 2.53460e-10
1819 3.84285e-10
1820 2.34951e-10
1821 3.70335e-10
1822 2.83086e-10
1823 4.99493e-10
1824 7.62516e-10
1825 1.26163e-09
1826 3.01566e-09
1827 2.69282e-10
1828 4.03401e-10
1829 3.21961e-10
1830 2.80161e-09
1831 9.62127e-10
1832 5.91864e-10
1833 6.63581e-09
1834 2.15303e-09
1835 4.51773e-10
1836 1.20076e-09
1837 8.02255e-10
1838 3.83837e-10
1839 6.43111e-10
1840 6.83919e-10
1841 3.92520e-10
1842 7.87399e-10
1843 1.24814e-09
1844 3.79762e-10
1845 6.29160e-09
1846 8.84209e-10
1847 8.23495e-10
1848 3.93600e-10
1849 1.10626e-09
1850 2.58815e-10
1851 2.38911e-10
1852 4.60129e-10
1853 3.88996e-10
1854 3.74788e-10
1855 2.19838e-09
1856 3.58109e-09
1857 2.11332e-10
1858 3.44408e-10
1859 1.59875e-09
1860 4.51688e-10
1861 2.94074e-09
1862 2.62767e-10
1863 5.72524e-09
1864 1.05947e-09
1865 2.78580e-09
1866 6.05000e-10
1867 2.73932e-09
1868 6.93767e-10
1869 3.74365e-10
1870 2.57920e-10
1871 1.11618e-09
1872 3.74937e-09
1873 4.91243e-10
1874 5.20726e-10
1875 9.52011e-10
1876 6.22200e-10
1877 1.11615e-09
1878 4.18985e-10
1879 3.67036e-10
1880 2.98840e-10
1881 2.42428e-10
1882 3.76151e-10
1883 8.96288e-10
1884 6.52308e-10
1885 3.48518e-10
1886 4.31461e-10
1887 5.81245e-10
1888 8.47933e-10
1889 4.23916e-09
1890 1.70391e-09
1891 1.39907e-09
1892 2.11406e-09
1893 2.36381e-09
1894 3.36845e-10
1895 3.04848e-10
1896 2.66010e-10
1897 1.72118e-09
1898 3.90034e-10
1899 8.65196e-09
1900 1.08527e-09
1901 8.74509e-10
1902 3.08684e-10
1903 1.00540e-09
1904 6.59895e-10
1905 5.22156e-10
1906 8.84850e-09
1907 6.04290e-10
1908 7.19864e-10
1909 2.75128e-10
1910 5.65755e-10
1911 7.44040e-10
1912 9.43613e-10
1913 3.87143e-10
1914 6.04834e-10
1915 1.37905e-09
1916 3.19642e-10
1917 3.89988e-09
1918 1.75595e-10
1919 7.25686e-10
1920 4.55752e-10
1921 4.95117e-10
1922 4.25976e-10
1923 7.91187e-10
1924 1.00713e-09
1925 1.22890e-09
1926 6.08459e-10
1927 4.49766e-10
1928 5.94932e-09
1929 1.26431e-09
1930 4.68024e-10
1931 2.37125e-09
1932 3.13036e-10
1933 1.64828e-10
1934 9.76414e-09
1935 6.69098e-10
1936 7.01131e-10
1937 7.30439e-10
1938 8.70968e-10
1939 7.83184e-10
1940 1.16796e-08
1941 1.74864e-10
1942 5.06831e-10
1943 1.41824e-09
1944 9.08859e-10
1945 2.05117e-09
1946 3.59665e-10
1947 6.43226e-10
1948 1.07073e-09
1949 5.61818e-10
1950 1.10580e-09
1951 5.76649e-10
1952 7.07670e-10
1953 1.11872e-09
1954 4.98146e-10
1955 7.88356e-10
1956 8.22498e-10
1957 6.41414e-10
1958 2.28196e-09
1959 1.05926e-10
1960 6.61249e-10
1961 5.17566e-10
1962 5.62638e-10
1963 1.21607e-09
1964 5.76613e-09
1965 9.70118e-10
1966 1.14459e-08
1967 9.30514e-10
1968 1.36377e-10
1969 3.23238e-09
1970 7.90117e-09
1971 8.33008e-10
1972 2.02799e-09
1973 9.43963e-10
1974 6.37679e-10
1975 1.14162e-09
1976 7.69981e-10
1977 2.30766e-09
1978 1.19092e-09
1979 9.80862e-10
1980 1.48559e-10
1981 5.37485e-10
1982 1.19441e-09
1983 9.24098e-10
1984 7.92395e-10
1985 3.59506e-10
1986 2.23593e-09
1987 1.43341e-09
1988 1.36170e-09
1989 6.02606e-10
1990 2.47276e-10
1991 2.31716e-09
1992 4.81225e-09
1993 1.06907e-08
1994 8.32782e-10
1995 7.06386e-11
1996 6.02148e-09
1997 1.28479e-09
1998 7.17091e-10
1999 8.04157e-10
2000 1.04654e-09
2001 5.22541e-10
2002 6.09846e-09
2003 8.28611e-11
2004 1.10622e-09
2005 9.09965e-10
2006 7.03859e-09
2007 1.56236e-09
2008 1.10271e-09
2009 1.36255e-09
2010 1.22329e-08
2011 5.32173e-10
2012 1.30354e-09
2013 3.95329e-09
2014 6.99482e-10
2015 5.41953e-10
2016 2.39116e-10
2017 7.42513e-10
2018 2.68613e-09
2019 1.84090e-09
2020 8.25091e-10
2021 1.36061e-09
2022 7.49114e-10
2023 9.46433e-10
2024 2.87997e-09
2025 7.95362e-09
2026 1.64119e-10
2027 8.97512e-11
2028 1.53316e-09
2029 3.62987e-09
2030 1.16697e-09
2031 6.26106e-10
2032 2.06639e-09
2033 1.74242e-08
2034 5.10779e-10
2035 6.44892e-11
2036 7.39464e-10
2037 1.03594e-09
2038 5.47174e-09
2039 1.81098e-09
2040 1.21458e-08
2041 7.16933e-10
2042 6.39845e-10
2043 1.07338e-09
2044 1.53901e-09
2045 4.90785e-10
2046 5.73815e-10
2047 4.40579e-10
2048 1.93247e-10
2049 4.91816e-10
2050 8.10140e-10
2051 1.61021e-08
2052 4.99832e-09
2053 1.25211e-09
2054 2.96626e-09
2055 1.30108e-10
2056 1.84667e-09
2057 5.79485e-09
2058 8.77842e-10
2059 9.58392e-10
2060 1.78336e-09
2061 1.49771e-09
2062 8.28724e-10
2063 6.77942e-10
2064 3.53313e-08
2065 1.24984e-10
2066 4.68066e-10
2067 8.44324e-10
2068 5.37463e-10
2069 1.02149e-09
2070 1.10458e-10
2071 4.45969e-10
2072 8.82682e-10
2073 4.95485e-10
2074 1.12928e-09
2075 1.78964e-09
2076 6.34084e-10
2077 8.43391e-10
2078 2.39038e-10
2079 3.69894e-10
2080 1.52699e-09
2081 3.14540e-09
2082 1.31862e-08
2083 5.95348e-10
2084 3.86156e-09
2085 8.35555e-10
2086 2.11510e-08
2087 3.44206e-10
2088 3.77912e-08
2089 1.80713e-09
2090 1.37311e-09
2091 7.63749e-10
2092 5.32021e-10
2093 9.54521e-10
2094 8.10428e-10
2095 7.16236e-10
2096 1.26125e-09
2097 6.00244e-09
2098 3.60279e-08
2099 8.30602e-08
2100 4.93848e-08
2101 1.33855e-08
2102 3.66872e-09
2103 1.51264e-09
2104 8.63765e-10
2105 5.85949e-10
2106 5.00997e-10
2107 5.00402e-10
2108 3.89226e-10
2109 2.17067e-10
2110 1.63839e-10
2111 2.85738e-10
2112 6.65297e-10
2113 7.61218e-10
2114 4.20151e-10
2115 2.94289e-10
2116 4.29187e-10
2117 7.12786e-10
2118 7.21975e-10
2119 5.24789e-10
2120 4.55761e-10
2121 6.22085e-10
2122 1.03672e-09
2123 1.28035e-09
2124 1.12439e-09
2125 9.94119e-10
2126 4.03159e-09
2127 3.23102e-09
2128 3.47387e-09
2129 4.24095e-09
2130 4.61351e-09
2131 3.26316e-09
2132 1.40537e-09
2133 5.69895e-10
2134 4.02165e-10
2135 6.25401e-10
2136 1.61808e-09
2137 4.23661e-09
2138 7.54406e-09
2139 7.21538e-09
2140 4.06918e-09
2141 2.26378e-09
2142 1.98117e-09
2143 2.36024e-09
2144 2.29160e-09
2145 1.51650e-09
2146 8.66778e-10
2147 5.29573e-10
2148 3.81500e-10
2149 3.65240e-10
2150 5.79091e-10
2151 1.78946e-09
2152 8.12797e-09
2153 2.61336e-08
2154 3.64379e-08
2155 2.69532e-08
2156 1.63909e-08
2157 9.40182e-09
2158 5.23990e-09
2159 2.96223e-09
2160 3.64202e-09
2161 3.91209e-09
2162 5.75620e-10
2163 7.74266e-09
2164 3.77825e-09
2165 7.54355e-09
2166 2.00791e-08
2167 3.41998e-09
2168 3.15323e-08
2169 5.10064e-09
2170 4.50226e-10
2171 1.43301e-09
2172 3.53796e-09
2173 1.71747e-08
2174 1.96034e-09
2175 7.90397e-10
2176 7.32651e-09
2177 4.92062e-09
2178 1.13247e-09
2179 5.63583e-09
2180 5.37623e-10
2181 4.11772e-10
2182 1.12162e-09
2183 3.66704e-09
2184 4.24248e-09
2185 9.76321e-09
2186 5.09624e-09
2187 4.59603e-09
2188 2.12902e-08
2189 2.76595e-09
2190 4.93925e-09
2191 5.36228e-09
2192 8.51955e-10
2193 4.74646e-09
2194 2.54783e-09
2195 6.46791e-10
2196 5.95392e-09
2197 4.32295e-09
2198 5.51500e-09
2199 3.96135e-09
2200 5.14315e-09
2201 5.62280e-09
2202 5.99380e-09
2203 6.16843e-10
2204 4.43204e-09
2205 1.35520e-08
2206 7.16118e-10
2207 8.24216e-09
2208 1.49967e-09
2209 3.23325e-09
2210 2.58801e-09
2211 7.40597e-10
2212 6.92676e-10
2213 3.22664e-09
2214 7.12961e-09
2215 1.28175e-09
2216 3.41482e-09
2217 2.96929e-09
2218 3.12836e-09
2219 3.52774e-09
2220 5.24288e-10
2221 1.67890e-09
2222 3.80070e-09
2223 6.02311e-09
2224 5.90255e-09
2225 4.47351e-09
2226 1.48960e-09
2227 3.81810e-09
2228 5.57695e-09
2229 3.18890e-09
2230 2.70777e-09
2231 6.00009e-09
2232 1.63706e-09
2233 4.80628e-09
2234 3.84242e-10
2235 3.79026e-09
2236 3.58771e-09
2237 7.99837e-10
2238 1.11770e-09
2239 5.48141e-09
2240 9.40258e-10
2241 1.05273e-09
2242 1.61859e-09
2243 2.13975e-09
2244 4.05767e-10
2245 5.60137e-10
2246 1.21524e-09
2247 3.66294e-09
2248 8.38852e-10
2249 2.22840e-09
2250 1.63913e-09
2251 2.99368e-09
2252 1.34957e-09
2253 1.40835e-09
2254 3.77552e-09
2255 2.85498e-09
2256 4.34108e-09
2257 1.88919e-09
2258 1.70491e-09
2259 2.68831e-09
2260 7.97086e-10
2261 1.66673e-09
2262 5.61066e-10
2263 1.36199e-09
2264 1.64110e-09
2265 1.95385e-09
2266 3.12619e-09
2267 2.00541e-09
2268 1.57035e-10
2269 1.88120e-10
2270 1.05076e-09
2271 3.66095e-10
2272 3.01169e-10
2273 6.39917e-10
2274 2.66943e-09
2275 2.05306e-09
2276 1.18644e-09
2277 2.09215e-10
2278 9.66592e-10
2279 2.87332e-10
2280 3.65467e-10
2281 4.28095e-10
2282 1.59941e-09
2283 1.09640e-09
2284 1.54626e-09
2285 1.22220e-09
2286 2.15967e-09
2287 1.40855e-09
2288 4.47690e-10
2289 1.28388e-09
2290 1.24959e-09
2291 2.05907e-09
2292 1.56132e-09
2293 2.03587e-09
2294 5.63507e-10
2295 7.68144e-11
2296 1.42359e-09
2297 1.10076e-09
2298 5.99714e-10
2299 4.37607e-10
2300 1.25668e-10
2301 1.63761e-09
2302 1.10621e-09
2303 1.99662e-10
2304 3.12033e-10
2305 1.34412e-09
2306 1.52321e-10
2307 6.93850e-11
2308 1.51915e-09
2309 1.00317e-09
2310 6.47754e-10
2311 4.33720e-10
2312 1.15006e-10
2313 1.19035e-10
2314 2.04020e-10
2315 9.72284e-10
2316 7.07083e-10
2317 6.74491e-10
2318 5.01259e-10
2319 1.03613e-10
2320 6.64025e-11
2321 1.79601e-10
2322 1.43898e-09
2323 8.65130e-10
2324 1.05972e-09
2325 9.08375e-10
2326 2.47994e-10
2327 1.47564e-09
2328 1.11835e-09
2329 1.38132e-09
2330 2.85592e-10
2331 5.02260e-10
2332 1.09522e-09
2333 9.17626e-10
2334 2.23119e-09
2335 5.91541e-10
2336 1.12711e-10
2337 8.91816e-11
2338 4.19593e-11
2339 1.68884e-10
2340 1.18440e-09
2341 1.17038e-09
2342 1.52698e-09
2343 1.30697e-10
2344 1.33518e-09
2345 1.97190e-09
2346 8.72868e-11
2347 1.50761e-09
2348 3.46294e-10
2349 2.28384e-10
2350 1.66046e-10
2351 7.45231e-11
2352 3.86787e-10
2353 6.92801e-11
2354 5.45856e-10
2355 2.45138e-10
2356 1.08620e-09
2357 1.40610e-09
2358 6.98331e-10
2359 3.03675e-10
2360 4.68796e-11
2361 4.23468e-11
2362 4.87624e-10
2363 4.40149e-10
2364 6.62984e-10
2365 5.69204e-10
2366 3.90226e-11
2367 2.57148e-10
2368 8.76604e-11
2369 6.22294e-10
2370 2.63908e-10
2371 5.71695e-11
2372 1.55253e-09
2373 8.01197e-10
2374 1.79308e-10
2375 1.33156e-09
2376 1.39374e-09
2377 1.43508e-10
2378 2.37005e-10
2379 6.30432e-10
2380 1.07203e-10
2381 9.94174e-10
2382 7.52653e-10
2383 7.05081e-10
2384 1.43541e-09
2385 2.68055e-09
2386 7.07678e-11
2387 4.68241e-11
2388 3.29764e-09
2389 1.79102e-10
2390 4.20599e-09
2391 2.14760e-09
2392 4.33404e-10
2393 2.20035e-10
2394 3.05674e-10
2395 1.14681e-09
2396 6.89188e-11
2397 1.70517e-09
2398 4.18879e-10
2399 4.04445e-10
2400 7.17790e-10
2401 2.78979e-10
2402 6.09991e-11
2403 5.11398e-09
2404 4.54216e-10
2405 2.70444e-10
2406 1.44195e-09
2407 1.05784e-10
2408 5.29068e-10
2409 6.84385e-11
2410 6.02836e-10
2411 5.44740e-11
2412 1.30350e-09
2413 1.70439e-10
2414 6.45932e-10
2415 7.91933e-10
2416 1.73651e-10
2417 1.36625e-10
2418 3.47111e-10
2419 1.47831e-10
2420 8.05912e-11
2421 5.98985e-10
2422 1.85773e-09
2423 7.20459e-09
2424 1.11716e-09
2425 4.48138e-10
2426 3.01320e-10
2427 1.85566e-10
2428 2.78471e-10
2429 1.01611e-09
2430 4.79716e-09
2431 1.80635e-09
2432 1.37163e-10
2433 1.00402e-10
2434 8.98023e-11
2435 7.82002e-10
2436 2.09685e-09
2437 1.15935e-10
2438 4.87561e-09
2439 1.83679e-09
2440 2.29242e-09
2441 9.07859e-09
2442 3.66216e-10
2443 3.53512e-10
2444 7.55733e-10
2445 1.23558e-10
2446 3.03114e-10
2447 7.72969e-10
2448 5.11538e-10
2449 4.03627e-09
2450 1.75598e-10
2451 2.51537e-10
2452 1.15066e-08
2453 4.57375e-10
2454 2.02725e-10
2455 3.79135e-10
2456 5.41570e-10
2457 4.17535e-10
2458 1.69738e-09
2459 3.69651e-10
2460 1.83142e-10
2461 1.52059e-10
2462 1.82170e-10
2463 1.58348e-09
2464 1.19380e-09
2465 2.72846e-10
2466 2.24995e-10
2467 1.06591e-09
2468 2.45755e-10
2469 6.87941e-10
2470 5.25196e-10
2471 1.69769e-10
2472 3.04886e-09
2473 6.40088e-10
2474 2.84344e-10
2475 1.45034e-09
2476 3.96388e-09
2477 3.80279e-10
2478 8.74445e-09
2479 3.88784e-10
2480 5.85907e-10
2481 1.03629e-08
2482 1.30043e-09
2483 1.48267e-08
2484 5.27653e-10
2485 2.44939e-10
2486 3.32484e-10
2487 3.90843e-10
2488 4.98041e-10
2489 4.99097e-10
2490 4.03322e-10
2491 3.72747e-10
2492 5.74752e-10
2493 4.61715e-10
2494 8.34842e-10
2495 4.25123e-10
2496 7.54133e-10
2497 5.38273e-10
2498 5.00331e-10
2499 7.43130e-10
2500 4.47316e-10
2501 4.31026e-10
2502 1.37751e-09
2503 4.34817e-10
2504 5.97874e-10
2505 3.32373e-10
2506 5.16745e-09
2507 6.71807e-10
2508 6.09432e-10
2509 4.08750e-09
2510 8.44377e-10
2511 1.32499e-08
2512 5.89344e-10
2513 1.17741e-08
2514 4.53098e-10
2515 1.47813e-09
2516 1.13485e-09
2517 8.11614e-10
2518 8.82357e-10
2519 5.01273e-10
2520 5.57062e-10
2521 9.43764e-10
2522 7.88869e-10
2523 8.16116e-10
2524 1.88380e-09
2525 7.78439e-10
2526 7.20459e-10
2527 7.28315e-10
2528 1.38588e-09
2529 4.63207e-10
2530 8.84487e-10
2531 4.86967e-10
2532 7.22196e-09
2533 1.06019e-09
2534 1.16104e-09
2535 1.77224e-09
2536 6.28610e-10
2537 1.71872e-09
2538 1.04839e-09
2539 2.56970e-09
2540 6.20919e-10
2541 3.68914e-10
2542 7.68954e-09
2543 1.82039e-09
2544 1.33640e-09
2545 6.71037e-10
2546 2.78616e-09
2547 1.01448e-08
2548 1.26388e-09
2549 4.06327e-10
2550 9.57256e-10
2551 2.55779e-09
2552 3.47633e-10
2553 1.37313e-09
2554 3.12141e-10
2555 1.24611e-09
2556 2.85415e-09
2557 1.65845e-09
2558 1.27166e-09
2559 3.42656e-09
2560 4.83185e-09
2561 3.48872e-09
2562 1.53521e-09
2563 7.89238e-10
2564 1.82363e-09
2565 1.15091e-09
2566 1.76273e-09
2567 6.41814e-10
2568 5.18471e-09
2569 9.36865e-10
2570 1.30805e-09
2571 4.86435e-09
2572 2.24686e-09
2573 1.54535e-09
2574 6.86872e-10
2575 2.43659e-09
2576 3.70515e-10
2577 2.18908e-09
2578 3.03563e-09
2579 1.04598e-09
2580 6.21523e-09
2581 1.48148e-09
2582 3.12779e-10
2583 2.88505e-10
2584 8.91044e-10
2585 2.07663e-09
2586 2.59886e-09
2587 3.82050e-10
2588 2.08446e-09
2589 4.39138e-09
2590 1.41974e-09
2591 9.18646e-09
2592 5.56445e-09
2593 3.67305e-09
2594 5.87999e-09
2595 2.17060e-09
2596 1.33829e-09
2597 1.14757e-09
2598 4.25797e-09
2599 3.63425e-09
2600 2.16103e-09
2601 2.53831e-09
2602 2.36810e-09
2603 7.43107e-10
2604 2.91613e-09
2605 1.44994e-09
2606 6.51500e-10
2607 3.30084e-10
2608 2.89414e-09
2609 1.06466e-09
2610 1.51257e-09
2611 9.93269e-10
2612 1.09098e-08
2613 3.58258e-10
2614 2.47779e-09
2615 9.29461e-10
2616 2.04623e-09
2617 4.03288e-09
2618 1.41546e-08
2619 1.60582e-09
2620 1.52954e-09
2621 2.80702e-09
2622 9.09535e-10
2623 1.14207e-09
2624 2.60005e-09
2625 2.12249e-09
2626 1.96528e-09
2627 1.64005e-09
2628 7.84686e-09
2629 3.25141e-09
2630 9.23239e-10
2631 4.30586e-10
2632 2.73105e-09
2633 1.13535e-09
2634 2.25815e-09
2635 1.07275e-09
2636 2.80313e-09
2637 2.04209e-09
2638 1.28998e-09
2639 1.25608e-09
2640 1.96468e-09
2641 6.44409e-10
2642 5.37866e-10
2643 1.06317e-09
2644 5.31607e-09
2645 1.57421e-09
2646 1.08220e-09
2647 6.04752e-10
2648 3.73301e-10
2649 6.00957e-10
2650 1.27186e-08
2651 1.16397e-08
2652 2.72372e-09
2653 7.82407e-09
2654 1.00185e-09
2655 1.45356e-09
2656 8.04179e-10
2657 3.20159e-09
2658 1.25223e-09
2659 2.64555e-09
2660 5.28518e-10
2661 4.30549e-10
2662 1.54221e-09
2663 1.46412e-09
2664 4.26133e-10
2665 1.31218e-09
2666 9.44540e-10
2667 4.13340e-10
2668 1.10361e-09
2669 1.17483e-09
2670 5.56557e-10
2671 1.02317e-09
2672 5.97953e-09
2673 4.84106e-10
2674 1.51593e-09
2675 1.81319e-09
2676 1.64644e-09
2677 6.76192e-09
2678 2.95805e-10
2679 5.11779e-10
2680 5.20625e-10
2681 2.98440e-10
2682 1.44211e-09
2683 3.07840e-09
2684 8.70904e-10
2685 8.16791e-10
2686 1.21839e-09
2687 1.44366e-09
2688 7.05289e-09
2689 5.00969e-10
2690 7.99462e-10
2691 2.78507e-10
2692 4.17696e-10
2693 7.28891e-10
2694 4.88768e-10
2695 7.53287e-10
2696 2.27840e-09
2697 1.76125e-10
2698 2.09488e-10
2699 6.03396e-10
2700 1.49455e-09
2701 6.19474e-10
2702 8.78847e-10
2703 4.32463e-10
2704 3.48206e-10
2705 1.05004e-09
2706 9.02218e-10
2707 1.54806e-09
2708 1.31195e-10
2709 4.81384e-09
2710 4.23007e-09
2711 1.39996e-09
2712 8.27170e-10
2713 1.70607e-09
2714 1.99387e-10
2715 5.24178e-10
2716 6.22130e-10
2717 8.36911e-10
2718 2.05975e-09
2719 4.51115e-10
2720 2.98763e-10
2721 6.84281e-10
2722 2.70911e-09
2723 1.00856e-09
2724 1.71856e-10
2725 3.87886e-10
2726 2.14281e-10
2727 8.41735e-10
2728 5.88962e-09
2729 3.17084e-10
2730 1.24925e-10
2731 6.51227e-10
2732 1.79115e-10
2733 3.37145e-10
2734 5.65782e-10
2735 3.21882e-10
2736 1.68639e-09
2737 5.05692e-09
2738 2.69587e-09
2739 7.91013e-10
2740 1.26990e-09
2741 5.09883e-09
2742 3.99525e-10
2743 1.35552e-09
2744 4.69723e-10
2745 1.75181e-10
2746 1.16875e-10
2747 1.97507e-10
2748 4.30808e-10
2749 2.81842e-09
2750 6.65457e-10
2751 5.21877e-10
2752 3.31811e-09
2753 1.61852e-09
2754 3.96886e-09
2755 3.10370e-10
2756 4.06197e-10
2757 2.51927e-09
2758 1.43678e-09
2759 1.77533e-10
2760 1.61035e-10
2761 8.37102e-09
2762 8.58570e-09
2763 2.15307e-10
2764 2.20585e-10
2765 2.11960e-10
2766 6.28385e-09
2767 2.77706e-10
2768 3.40956e-10
2769 8.79994e-10
2770 5.50545e-10
2771 4.35309e-10
2772 2.70277e-10
2773 1.96616e-09
2774 1.38073e-09
2775 1.84212e-10
2776 5.33885e-10
2777 3.22776e-09
2778 6.15723e-10
2779 5.16758e-10
2780 2.29414e-10
2781 2.59979e-10
2782 5.29385e-09
2783 6.94148e-09
2784 5.34369e-09
2785 4.00428e-10
2786 1.32691e-08
2787 3.12975e-09
2788 1.84097e-10
2789 1.15997e-08
2790 6.29117e-09
2791 1.07969e-10
2792 1.24957e-09
2793 1.69117e-10
2794 8.48287e-09
2795 2.23528e-10
2796 4.15686e-10
2797 4.20254e-10
2798 2.19189e-10
2799 2.04798e-09
2800 1.83827e-10
2801 1.04423e-10
2802 2.67874e-10
2803 4.03460e-10
2804 1.24369e-09
2805 2.75060e-10
2806 1.74628e-10
2807 3.94787e-10
2808 2.70554e-10
2809 1.39809e-09
2810 1.19729e-08
2811 9.09200e-10
2812 3.97918e-10
2813 5.91575e-10
2814 4.86334e-09
2815 1.07211e-08
2816 1.79095e-10
2817 1.50419e-08
2818 4.32562e-10
2819 4.37088e-09
2820 4.88326e-09
2821 1.56887e-08
2822 7.65005e-09
2823 7.28316e-11
2824 1.17014e-08
2825 4.50944e-10
2826 1.23033e-10
2827 1.75485e-09
2828 2.28813e-10
2829 3.35635e-10
2830 1.30861e-10
2831 3.09328e-10
2832 1.99432e-10
2833 6.05941e-10
2834 2.63325e-10
2835 2.09186e-09
2836 4.62989e-10
2837 2.85780e-10
2838 1.92705e-10
2839 4.03908e-10
2840 1.13434e-08
2841 8.06968e-09
2842 2.52734e-08
2843 8.57175e-11
2844 4.15485e-10
2845 1.82477e-10
2846 7.67668e-10
2847 9.29914e-09
2848 8.87835e-11
2849 1.57683e-09
2850 1.39016e-08
2851 2.55348e-09
2852 9.67932e-09
2853 9.02665e-11
2854 6.11949e-09
2855 3.67432e-10
2856 3.37166e-09
2857 2.04698e-08
2858 4.62020e-10
2859 1.85236e-10
2860 3.76924e-10
2861 2.44673e-10
2862 1.64401e-10
2863 1.29487e-09
2864 2.01917e-10
2865 1.38516e-10
2866 1.24633e-10
2867 1.76645e-10
2868 4.22402e-09
2869 1.04390e-08
2870 1.35850e-10
2871 2.52897e-08
2872 3.44612e-10
2873 8.14358e-10
2874 1.07106e-08
2875 5.92672e-10
2876 4.90702e-10
2877 2.22982e-09
2878 2.50096e-10
2879 7.89778e-09
2880 1.29469e-10
2881 4.69248e-10
2882 1.05662e-08
2883 3.48574e-10
2884 1.14299e-10
2885 1.39480e-10
2886 3.51485e-09
2887 5.84931e-10
2888 1.64118e-09
2889 2.31071e-10
2890 2.85627e-09
2891 1.28838e-10
2892 1.30751e-10
2893 4.70515e-10
2894 9.50566e-09
2895 3.69042e-10
2896 5.43451e-09
2897 2.34573e-10
2898 1.08100e-10
2899 5.04646e-11
2900 3.51240e-10
2901 6.31516e-11
2902 5.73413e-11
2903 1.37204e-08
2904 5.24607e-09
2905 1.39955e-09
2906 9.22467e-09
2907 3.16150e-10
2908 7.46133e-10
2909 1.63725e-09
2910 3.30664e-09
2911 5.83582e-09
2912 7.68311e-09
2913 5.86874e-09
2914 2.42422e-09
2915 8.16825e-10
2916 3.95183e-10
2917 3.39956e-10
2918 4.63680e-10
2919 8.43787e-10
2920 1.83746e-09
2921 4.04052e-09
2922 5.57182e-09
2923 3.01283e-09
2924 7.74810e-10
2925 2.13879e-10
2926 1.05307e-10
2927 6.87947e-11
2928 4.01166e-11
2929 2.43847e-11
2930 2.17590e-11
2931 3.10950e-11
2932 6.48279e-11
2933 1.68294e-10
2934 4.20754e-10
2935 6.72876e-10
2936 4.92473e-10
2937 2.19602e-10
2938 1.41129e-10
2939 2.04429e-10
2940 1.68392e-08
2941 6.46644e-09
2942 1.65815e-09
2943 6.03395e-10
2944 4.33115e-10
2945 4.50337e-10
2946 4.94963e-10
2947 6.35569e-10
2948 1.13089e-09
2949 2.16989e-09
2950 3.19593e-09
2951 3.61098e-09
2952 3.47423e-09
2953 2.72232e-09
2954 1.86735e-09
2955 1.46771e-09
2956 1.60051e-09
2957 2.21623e-09
2958 3.13139e-09
2959 4.09166e-09
2960 4.80480e-09
2961 4.25661e-09
2962 2.33582e-09
2963 8.97050e-10
2964 3.44013e-10
2965 1.74778e-10
2966 1.42599e-10
2967 2.14956e-10
2968 5.84556e-10
2969 2.04527e-09
2970 6.29866e-09
2971 1.44171e-08
2972 1.98971e-08
2973 4.53719e-10
2974 1.68589e-09
2975 1.20216e-09
2976 1.70545e-09
2977 7.96708e-09
2978 1.64850e-09
2979 4.94943e-09
2980 2.05946e-09
2981 3.72896e-09
2982 3.63050e-10
2983 3.96162e-10
2984 7.44366e-10
2985 1.83762e-10
2986 1.01888e-09
2987 1.91020e-10
2988 8.71310e-09
2989 5.41751e-09
2990 2.76623e-09
2991 1.47639e-10
2992 9.11904e-10
2993 1.51309e-09
2994 3.97866e-09
2995 2.27498e-09
2996 3.15078e-09
2997 4.85422e-09
2998 6.02972e-09
2999 3.96002e-09
3000 9.25581e-09
3001 3.51716e-10
3002 8.27966e-10
3003 1.59900e-09
3004 8.87456e-10
3005 6.01728e-10
3006 3.07311e-10
3007 1.20932e-09
3008 4.72334e-10
3009 4.23953e-09
3010 6.58968e-10
3011 6.30028e-10
3012 4.93491e-09
3013 3.03162e-09
3014 4.94621e-10
3015 3.35042e-10
3016 1.85124e-09
3017 9.13060e-10
3018 1.32949e-09
3019 3.33397e-10
3020 2.65178e-09
3021 1.84263e-10
3022 1.87190e-08
3023 1.97240e-08
3024 1.95824e-10
3025 1.22132e-08
3026 2.45649e-09
3027 2.39379e-09
3028 8.90281e-10
3029 6.81581e-10
3030 1.31904e-09
3031 1.54821e-09
3032 2.41408e-10
3033 1.03772e-09
3034 2.36214e-09
3035 9.57275e-10
3036 1.09860e-08
3037 7.54616e-10
3038 3.23333e-10
3039 2.73959e-10
3040 4.49528e-10
3041 3.42249e-10
3042 4.07853e-10
3043 3.24933e-10
3044 3.09628e-09
3045 2.11651e-10
3046 1.10240e-09
3047 2.87328e-10
3048 7.38325e-09
3049 1.65340e-10
3050 7.62929e-10
3051 1.65809e-09
3052 1.92261e-09
3053 3.93740e-10
3054 1.16239e-09
3055 1.37895e-09
3056 1.60978e-09
3057 1.52020e-08
3058 1.47146e-09
3059 1.45036e-08
3060 1.86482e-08
3061 6.40468e-10
3062 2.45475e-10
3063 6.15060e-10
3064 9.58172e-11
3065 5.28730e-10
3066 5.91019e-10
3067 5.91372e-10
3068 5.17408e-10
3069 1.80970e-10
3070 1.44536e-10
3071 3.45769e-10
3072 1.05067e-09
3073 2.12854e-10
3074 1.62524e-09
3075 4.73114e-09
3076 5.94289e-10
3077 4.89371e-11
3078 1.07071e-09
3079 1.07080e-09
3080 8.37358e-10
3081 9.75123e-11
3082 2.69029e-09
3083 6.11615e-09
3084 9.93813e-09
3085 1.88330e-09
3086 1.25057e-09
3087 1.80018e-09
3088 1.54435e-10
3089 2.18684e-10
3090 1.34486e-09
3091 3.15177e-10
3092 4.82336e-10
3093 7.08386e-10
3094 7.69861e-09
3095 5.14496e-11
3096 1.29617e-09
3097 7.08495e-10
3098 3.30805e-10
3099 5.52410e-10
3100 1.80161e-09
3101 4.10863e-10
3102 4.62880e-10
3103 2.81716e-10
3104 6.50562e-10
3105 1.66509e-10
3106 1.75372e-09
3107 1.77903e-10
3108 2.68933e-11
3109 8.95201e-10
3110 4.52312e-09
3111 8.16352e-10
3112 5.98797e-09
3113 2.30146e-09
3114 3.12485e-09
3115 2.57067e-10
3116 1.07097e-09
3117 4.68584e-10
3118 5.03142e-10
3119 1.60468e-09
3120 1.74873e-09
3121 1.81415e-09
3122 2.60349e-09
3123 3.03681e-09
3124 7.29680e-11
3125 6.25491e-10
3126 1.03354e-09
3127 6.03169e-10
3128 2.31866e-09
3129 3.07085e-10
3130 5.88558e-10
3131 2.36380e-10
3132 3.04687e-09
3133 7.87505e-11
3134 2.61533e-10
3135 3.18049e-11
3136 4.54882e-10
3137 7.69996e-10
3138 2.75641e-10
3139 4.50762e-09
3140 2.66570e-09
3141 6.08528e-10
3142 3.18253e-10
3143 1.46065e-09
3144 3.67897e-11
3145 9.89627e-10
3146 2.73852e-09
3147 3.84217e-09
3148 2.26447e-09
3149 6.89585e-10
3150 4.78089e-10
3151 1.34969e-09
3152 5.41488e-10
3153 3.33788e-11
3154 1.16164e-09
3155 4.58341e-10
3156 6.83887e-10
3157 2.76468e-09
3158 6.22636e-10
3159 3.03829e-09
3160 1.61104e-09
3161 7.38682e-10
3162 9.98744e-10
3163 7.27815e-10
3164 3.79293e-09
3165 5.37904e-10
3166 5.78737e-09
3167 8.51537e-10
3168 6.33529e-10
3169 5.03242e-09
3170 1.71212e-09
3171 8.49841e-10
3172 4.90235e-09
3173 8.56365e-11
3174 6.54774e-10
3175 1.79301e-10
3176 6.55577e-10
3177 2.34472e-10
3178 5.48174e-10
3179 1.47086e-09
3180 1.95913e-10
3181 1.43301e-09
3182 1.83410e-10
3183 5.09183e-10
3184 1.95062e-09
3185 1.25541e-09
3186 3.82099e-09
3187 4.93696e-10
3188 4.40452e-09
3189 6.08112e-10
3190 7.90436e-10
3191 4.37183e-10
3192 2.31244e-10
3193 9.38212e-10
3194 1.85909e-10
3195 3.32065e-09
3196 1.10580e-09
3197 2.15681e-09
3198 1.25284e-09
3199 3.79856e-09
3200 2.48963e-09
3201 1.72584e-10
3202 1.37188e-09
3203 2.00211e-09
3204 2.46126e-09
3205 1.64412e-09
3206 2.41360e-10
3207 3.39431e-10
3208 1.65181e-09
3209 2.28253e-09
3210 5.66303e-10
3211 1.37107e-09
3212 1.42765e-09
3213 6.15061e-10
3214 2.70542e-09
3215 1.52650e-09
3216 2.18238e-10
3217 1.81115e-09
3218 2.90081e-09
3219 3.10501e-09
3220 1.11735e-09
3221 2.88244e-09
3222 5.60417e-10
3223 1.41752e-09
3224 1.63625e-09
3225 1.49458e-10
3226 8.05212e-10
3227 1.03264e-10
3228 2.43149e-10
3229 3.89775e-10
3230 1.91690e-09
3231 3.39094e-10
3232 4.94282e-10
3233 4.09472e-10
3234 8.17905e-10
3235 6.62755e-10
3236 1.87561e-09
3237 1.82781e-09
3238 7.86114e-10
3239 1.50831e-10
3240 1.06499e-10
3241 2.30431e-09
3242 1.34598e-09
3243 2.17972e-09
3244 3.42823e-09
3245 3.20758e-09
3246 2.20778e-09
3247 9.48166e-11
3248 1.98121e-10
3249 1.74414e-09
3250 7.80926e-10
3251 4.89517e-10
3252 1.69585e-09
3253 8.04335e-10
3254 8.15424e-10
3255 2.37446e-09
3256 1.23706e-09
3257 1.52705e-09
3258 5.93999e-10
3259 1.48935e-09
3260 4.64348e-10
3261 1.05597e-09
3262 2.96292e-10
3263 1.96493e-09
3264 1.83837e-09
3265 8.97783e-11
3266 1.68996e-09
3267 4.75226e-10
3268 1.54311e-09
3269 1.34167e-09
3270 6.08936e-10
3271 2.12000e-10
3272 1.28308e-09
3273 1.32240e-10
3274 2.26785e-10
3275 1.17209e-10
3276 7.10191e-10
3277 6.09714e-10
3278 4.38297e-10
3279 1.09306e-09
3280 2.43485e-09
3281 5.63455e-10
3282 4.11986e-10
3283 5.59765e-10
3284 3.52999e-10
3285 2.66515e-09
3286 7.26891e-10
3287 8.10963e-10
3288 1.08276e-10
3289 4.60049e-10
3290 1.17065e-09
3291 6.71998e-10
3292 9.49092e-10
3293 7.57010e-10
3294 1.63372e-09
3295 1.20892e-09
3296 3.94611e-10
3297 1.08703e-09
3298 8.20087e-10
3299 1.46041e-09
3300 1.79984e-10
3301 9.88107e-10
3302 2.17177e-10
3303 5.34431e-10
3304 5.53280e-10
3305 1.12863e-10
3306 1.93774e-10
3307 4.06618e-10
3308 2.36958e-09
3309 4.85093e-10
3310 2.36875e-10
3311 1.22969e-10
3312 7.56190e-10
3313 3.70876e-09
3314 1.38330e-10
3315 3.72405e-09
3316 6.64086e-10
3317 3.92123e-10
3318 1.83799e-10
3319 2.04061e-09
3320 8.23695e-10
3321 3.40994e-10
3322 3.76566e-10
3323 1.84092e-10
3324 2.72134e-10
3325 6.39189e-10
3326 3.65607e-10
3327 3.41180e-10
3328 5.08654e-10
3329 1.15927e-10
3330 4.50801e-09
3331 3.30265e-09
3332 6.06796e-10
3333 2.07551e-10
3334 6.69703e-11
3335 1.10036e-09
3336 5.73628e-11
3337 2.67904e-09
3338 6.37178e-09
3339 1.34424e-10
3340 2.89680e-09
3341 2.76767e-10
3342 7.66702e-11
3343 7.62345e-11
3344 4.14836e-10
3345 3.08175e-10
3346 5.62165e-10
3347 4.15736e-10
3348 5.44282e-10
3349 2.02448e-10
3350 3.18850e-10
3351 4.96669e-09
3352 3.32584e-10
3353 6.23549e-10
3354 1.00755e-09
3355 1.05594e-10
3356 1.18443e-10
3357 9.42987e-10
3358 8.77982e-09
3359 2.36028e-10
3360 6.78933e-11
3361 2.43817e-10
3362 7.42559e-11
3363 2.48495e-10
3364 2.31356e-10
3365 1.19796e-08
3366 2.11129e-10
3367 6.59466e-09
3368 1.48771e-10
3369 4.60616e-11
3370 4.44555e-11
3371 3.71679e-10
3372 1.98759e-09
3373 8.12216e-09
3374 4.25995e-10
3375 4.99188e-10
3376 5.21713e-10
3377 3.65005e-10
3378 4.04808e-09
3379 3.39777e-10
3380 2.40683e-10
3381 8.86542e-11
3382 1.27024e-10
3383 1.11406e-10
3384 2.73437e-10
3385 7.42232e-11
3386 1.37399e-08
3387 1.76176e-10
3388 2.41773e-10
3389 3.61390e-09
3390 1.62499e-10
3391 2.31675e-10
3392 2.16517e-09
3393 5.43829e-10
3394 1.14212e-10
3395 8.51259e-11
3396 2.31072e-10
3397 2.12393e-10
3398 1.96395e-10
3399 4.54541e-10
3400 7.53178e-11
3401 2.47393e-10
3402 9.50124e-09
3403 2.15800e-10
3404 1.17300e-09
3405 1.01426e-10
3406 8.03254e-11
3407 1.28744e-08
3408 7.06063e-10
3409 1.31987e-10
3410 2.41283e-10
3411 4.60184e-10
3412 1.03437e-08
3413 6.88727e-09
3414 1.83684e-10
3415 1.35208e-10
3416 5.43860e-09
3417 3.62617e-10
3418 9.25831e-09
3419 1.95534e-10
3420 2.63993e-10
3421 3.50831e-10
3422 1.00052e-10
3423 1.75863e-10
3424 1.55221e-09
3425 2.82645e-10
3426 5.22173e-10
3427 4.95225e-10
3428 4.75166e-09
3429 4.03367e-10
3430 1.64908e-10
3431 2.64624e-09
3432 2.57672e-10
3433 2.28312e-10
3434 1.53283e-10
3435 1.08892e-10
3436 3.99484e-10
3437 5.84299e-10
3438 5.54340e-10
3439 5.70717e-09
3440 1.32126e-10
3441 3.02771e-09
3442 4.11157e-10
3443 5.32144e-09
3444 2.43872e-10
3445 4.74269e-10
3446 5.17207e-09
3447 3.20964e-10
3448 3.79118e-09
3449 2.80872e-10
3450 1.19366e-10
3451 4.38670e-09
3452 1.72107e-09
3453 1.38264e-09
3454 1.20901e-10
3455 4.66181e-10
3456 1.54735e-09
3457 1.80777e-10
3458 2.49321e-09
3459 4.31448e-09
3460 4.29582e-10
3461 2.59622e-10
3462 1.28458e-09
3463 4.08249e-10
3464 8.70685e-10
3465 7.27741e-10
3466 3.80925e-09
3467 1.80216e-09
3468 2.05671e-10
3469 3.03586e-10
3470 3.41906e-10
3471 1.43148e-09
3472 1.19859e-09
3473 1.05909e-10
3474 1.62114e-10
3475 4.48011e-10
3476 1.57566e-09
3477 2.01866e-09
3478 1.09458e-09
3479 1.97313e-09
3480 4.73078e-10
3481 1.85096e-10
3482 3.03362e-09
3483 3.54484e-09
3484 7.19441e-10
3485 2.52927e-09
3486 1.04441e-09
3487 8.85634e-10
3488 2.85083e-09
3489 2.77039e-10
3490 1.48979e-10
3491 1.81553e-09
3492 2.79002e-10
3493 4.48255e-10
3494 2.80575e-09
3495 3.93502e-10
3496 1.09843e-09
3497 3.46698e-09
3498 2.14207e-10
3499 6.29596e-10
3500 7.49955e-10
3501 2.22621e-09
3502 9.63427e-10
3503 2.21803e-09
3504 7.32245e-10
3505 7.83884e-10
3506 6.79814e-10
3507 1.09069e-09
3508 3.46784e-10
3509 6.38363e-10
3510 1.23268e-09
3511 1.80636e-10
3512 1.88966e-10
3513 5.00106e-10
3514 3.34038e-10
3515 8.68928e-10
3516 1.96391e-09
3517 7.14053e-10
3518 1.87943e-09
3519 1.82625e-09
3520 1.20176e-09
3521 2.85123e-09
3522 3.67738e-10
3523 2.01826e-09
3524 5.28360e-10
3525 1.98392e-09
3526 3.62038e-10
3527 1.16765e-09
3528 4.30203e-10
3529 1.09784e-09
3530 1.46564e-09
3531 1.43386e-09
3532 1.47635e-09
3533 2.73112e-10
3534 5.90461e-10
3535 1.19107e-09
3536 3.92101e-09
3537 1.62134e-09
3538 9.82967e-10
3539 2.22705e-10
3540 2.15951e-09
3541 1.77393e-09
3542 6.03602e-10
3543 5.25447e-10
3544 2.62436e-10
3545 4.38279e-10
3546 1.96037e-10
3547 4.72565e-09
3548 5.63125e-10
3549 8.44140e-10
3550 1.25924e-09
3551 2.43634e-09
3552 3.15468e-10
3553 1.10507e-09
3554 2.56481e-09
3555 1.78382e-10
3556 1.74581e-10
3557 4.83092e-10
3558 6.41680e-10
3559 1.08410e-09
3560 6.39086e-10
3561 3.45938e-10
3562 1.73117e-09
3563 5.85067e-10
3564 1.26059e-09
3565 3.80603e-09
3566 8.34431e-10
3567 1.43935e-09
3568 5.58517e-09
3569 2.14622e-10
3570 1.06314e-09
3571 3.82875e-10
3572 9.05877e-10
3573 3.52342e-09
3574 7.53556e-10
3575 1.64346e-09
3576 2.08725e-10
3577 2.67673e-10
3578 1.37494e-09
3579 6.17501e-10
3580 5.88600e-11
3581 6.49004e-09
3582 9.71299e-11
3583 9.88223e-11
3584 1.27058e-09
3585 7.74446e-10
3586 2.09397e-10
3587 5.64213e-09
3588 1.65907e-09
3589 5.62421e-10
3590 1.65953e-09
3591 1.17351e-10
3592 1.72558e-09
3593 8.66213e-10
3594 1.26643e-10
3595 6.68517e-10
3596 5.80295e-11
3597 2.81328e-10
3598 7.57166e-10
3599 3.26555e-09
3600 7.51388e-10
3601 1.66389e-10
3602 3.03382e-09
3603 7.51707e-11
3604 5.75421e-09
3605 4.82343e-10
3606 4.33330e-10
3607 7.64965e-10
3608 2.45577e-11
3609 7.20628e-10
3610 2.60874e-10
3611 1.60677e-10
3612 3.67429e-10
3613 1.35063e-09
3614 4.34087e-10
3615 6.35849e-10
3616 3.60997e-09
3617 5.62854e-11
3618 5.24987e-09
3619 1.94561e-10
3620 1.21654e-10
3621 4.83395e-10
3622 1.45435e-09
3623 4.37480e-11
3624 1.19895e-10
3625 8.11457e-10
3626 4.94268e-10
3627 3.56068e-10
3628 5.31433e-11
3629 1.98491e-09
3630 8.48233e-10
3631 4.18065e-10
3632 8.40127e-10
3633 9.94240e-10
3634 3.66592e-11
3635 2.49705e-10
3636 1.73533e-11
3637 3.23463e-10
3638 3.48292e-11
3639 1.13845e-10
3640 2.00944e-10
3641 1.41560e-10
3642 1.44836e-09
3643 1.40339e-09
3644 1.05349e-10
3645 2.09358e-09
3646 2.28053e-10
3647 1.52318e-10
3648 1.64091e-10
3649 3.44158e-09
3650 4.47148e-11
3651 1.16189e-10
3652 3.95817e-10
3653 2.34124e-10
3654 8.05279e-11
3655 9.29415e-10
3656 2.09007e-10
3657 3.16635e-10
3658 3.08285e-10
3659 4.90010e-10
3660 3.08194e-10
3661 1.10778e-09
3662 1.82712e-10
3663 6.88802e-10
3664 1.45115e-10
3665 4.91461e-11
3666 3.14941e-11
3667 2.98484e-10
3668 2.28620e-11
3669 1.28147e-10
3670 4.81378e-11
3671 7.24039e-10
3672 2.63323e-10
3673 1.09142e-09
3674 4.63755e-10
3675 6.16775e-10
3676 6.74280e-11
3677 1.46871e-10
3678 1.39436e-10
3679 1.59360e-10
3680 2.34695e-10
3681 1.53060e-10
3682 1.36844e-09
3683 5.94599e-10
3684 3.65985e-10
3685 4.23675e-10
3686 2.73724e-10
3687 5.08637e-11
3688 1.34586e-10
3689 1.44640e-09
3690 1.72588e-10
3691 1.54048e-09
3692 3.11026e-10
3693 7.11652e-11
3694 2.00067e-10
3695 3.00914e-10
3696 1.92900e-10
3697 6.60373e-10
3698 2.87601e-10
3699 1.05230e-10
3700 8.50374e-11
3701 1.38183e-09
3702 1.75207e-10
3703 2.72622e-10
3704 8.55876e-11
3705 3.60068e-10
3706 2.67280e-10
3707 1.97930e-10
3708 1.44376e-09
3709 5.90090e-11
3710 9.87815e-11
3711 7.15094e-10
3712 3.26344e-10
3713 3.16572e-10
3714 2.30014e-10
3715 3.29625e-10
3716 3.45466e-10
3717 4.19014e-10
3718 1.19012e-09
3719 2.53034e-09
3720 6.94829e-10
3721 6.80126e-10
3722 6.94344e-10
3723 5.52824e-10
3724 5.04949e-10
3725 6.31013e-10
3726 9.55939e-10
3727 1.34788e-09
3728 1.40015e-09
3729 9.48234e-10
3730 4.25159e-10
3731 1.60172e-10
3732 8.25713e-11
3733 8.00179e-11
3734 1.24132e-10
3735 2.48447e-10
3736 6.61587e-10
3737 2.00038e-09
3738 4.17249e-09
3739 4.54224e-09
3740 3.07487e-09
3741 1.72561e-09
3742 1.01328e-09
3743 7.38234e-10
3744 6.13088e-10
3745 4.34239e-10
3746 2.35184e-10
3747 1.36962e-10
3748 1.42549e-10
3749 2.56665e-10
3750 4.10919e-10
3751 4.18713e-10
3752 4.24441e-10
3753 5.75396e-10
