0
0
0
0
5
0
1
0
1
2
0
1
2
3
2
2
2
3
7
5
6
2
6
4
2
20
5
0
1
12
4
5
1
14
24
17
1
11
9
25
13
0
0
3
26
12
13
16
1
12
2
12
0
56
61
3
6
72
21
11
1
2
5
48
6
38
18
7
35
40
59
16
91
67
7
33
15
43
19
21
37
5
26
21
182
97
41
1
36
100
30
102
22
5
21
50
108
40
54
222
216
473
156
200
152
452
358
94
37
12
329
15
130
254
299
402
48
18
9
42
129
255
88
389
178
162
517
49
101
300
193
63
172
148
25
132
590
198
984
462
227
73
261
6
412
27
308
57
179
116
130
40
132
192
316
2
64
107
333
15
199
303
277
278
100
375
509
507
313
126
1183
1034
202
352
706
744
58
116
1153
7
321
458
154
234
462
315
465
366
31
646
1476
87
225
1574
16
1417
350
99
1429
295
76
18
684
182
46
144
334
765
552
507
470
742
352
431
408
246
34
1899
426
123
492
1211
22
63
682
409
207
421
2553
963
778
84
112
77
1095
134
1173
204
178
43
140
1449
905
1633
573
43
1053
2813
661
1065
1027
2318
1473
582
646
451
1212
1788
19
1512
3218
593
726
322
42
22
415
24
4
975
761
967
101
408
1544
399
240
175
504
626
493
546
355
78
924
594
76
724
1853
9
1359
265
842
9
145
1488
469
487
1210
22
4818
229
389
72
115
812
901
728
953
917
524
203
501
614
118
1186
487
1201
267
1861
622
1299
806
924
26
3794
148
441
1600
3809
365
895
955
1057
598
979
2247
1868
1596
415
1274
2550
218
1174
1162
713
296
910
2823
863
2253
1528
6359
1465
1494
787
411
157
161
9
1517
3381
2399
186
249
333
1843
200
2469
2473
352
12
1420
723
1007
1626
1098
539
1208
2604
188
894
81
389
893
2774
3175
1979
312
1265
1585
1405
78
1256
3108
2161
1236
3382
1443
2630
160
213
591
3220
807
2808
1110
1987
1108
729
1446
173
463
1147
2255
192
1904
3709
718
1183
847
3203
465
3200
1401
2090
159
1422
4047
5223
1923
2011
1041
139
1580
698
233
570
2458
5462
2287
1680
1218
465
758
212
1595
926
858
1778
2326
1451
462
494
387
829
307
524
1078
3964
2049
457
7507
3407
9
828
748
8320
666
1260
1007
4694
929
452
1799
1753
6287
2491
2212
3639
671
975
167
2121
1178
4421
624
729
4322
2160
2163
11790
2743
3379
2175
1759
117
4330
1854
2661
