Fracture Surface Area After Isolated Fracture and Cluster Removal
15.7261
10.0495
15.2655
11.1385
4.39962
8.15968
4.07708
3.83603
1.05431
1.87562
6.93401
12.0822
2.94156
4.40363
5.14238
2.29931
2.45546
7.24832
3.45249
3.92032
1.68139
0.56587
2.87881
15.9982
5.00027
1.23551
3.13484
2.01214
4.41825
3.83675
1.27442
4.21543
2.46172
2.08799
1.56401
2.6427
3.1213
3.19494
4.56714
1.27156
1.65883
5.74072
3.56349
3.14087
6.43125
6.17191
0.59966
0.60826
3.11547
4.99403
0.644422
5.53022
1.17702
1.50626
2.24985
16
1.30587
1.10171
1.8685
